1000
38 73
19 6
97 53
75 47
17 97
41 98
6 57
94 65
85 77
4 54
14 18
36 22
45 3
97 51
3 5
93 40
78 63
97 26
15 72
72 31
68 64
80 25
21 26
89 5
2 45
58 67
14 45
88 10
99 85
61 1
41 5
92 70
67 88
96 81
11 67
64 30
31 43
54 3
68 95
7 21
39 16
39 52
12 27
61 10
63 73
62 55
77 53
25 95
40 20
76 51
38 39
80 20
33 34
22 53
28 80
25 18
95 64
21 58
42 33
67 56
58 28
10 34
80 34
29 72
5 56
22 43
46 53
14 30
38 36
82 17
67 59
34 62
22 6
19 15
39 38
70 96
17 31
81 49
17 61
20 21
68 93
15 13
45 29
43 83
16 76
51 82
34 85
95 7
42 66
21 80
3 42
27 19
73 60
67 41
72 38
13 40
30 28
52 75
8 46
9 75
22 59
56 7
95 51
14 89
68 34
20 70
28 47
40 52
58 59
92 29
96 4
68 78
83 72
4 90
17 64
64 90
22 72
97 69
74 10
57 41
95 76
62 74
74 53
25 83
11 16
12 59
20 31
88 2
2 91
44 19
54 7
60 27
30 56
47 3
17 55
43 64
83 4
37 8
57 62
91 19
77 2
29 48
84 16
50 86
58 45
56 11
3 15
90 33
23 36
35 39
91 78
2 73
33 39
80 41
100 70
12 28
23 40
76 59
8 77
44 65
21 51
28 23
65 17
55 39
4 90
78 94
19 31
18 3
69 50
44 20
71 55
48 94
46 75
52 5
51 47
70 23
97 49
45 13
17 52
52 20
93 81
66 63
11 83
65 80
32 8
51 3
14 50
48 12
24 51
16 26
49 37
100 97
85 97
9 53
48 12
73 92
92 38
54 3
72 18
34 56
78 36
10 43
86 9
54 61
11 70
39 59
6 38
7 43
34 67
95 33
79 67
24 22
56 29
76 80
47 9
87 76
97 96
18 82
56 24
94 66
93 84
76 50
22 82
92 7
100 87
92 78
5 15
100 13
44 75
92 42
36 78
69 32
25 38
65 80
61 10
97 5
94 24
55 67
5 46
25 4
84 16
34 41
31 85
53 26
11 96
19 98
25 87
81 1
76 45
80 37
7 28
41 52
51 95
18 7
93 42
62 28
58 95
68 40
31 72
17 42
67 87
39 43
73 20
43 100
16 74
36 74
1 29
25 51
23 94
9 67
36 71
95 45
17 14
36 48
86 52
41 4
38 79
47 62
50 89
61 18
63 49
43 15
77 68
18 51
61 26
70 48
48 16
44 65
29 79
12 66
82 52
70 19
82 16
32 84
56 45
53 70
93 95
85 69
62 54
71 75
79 40
74 27
55 18
43 84
48 54
49 30
57 70
100 90
85 32
73 41
76 25
10 68
72 46
88 85
99 10
59 30
50 85
56 4
2 50
39 1
3 40
30 11
9 30
100 46
13 73
38 88
49 99
7 20
45 46
5 95
55 15
24 56
99 31
12 52
80 2
53 34
41 34
44 2
15 44
47 27
16 84
66 16
34 24
36 78
69 92
73 76
6 48
31 57
79 42
8 10
44 12
44 36
98 87
37 12
30 35
39 97
70 56
65 4
80 52
33 48
43 57
75 100
5 6
56 35
99 16
44 94
79 39
30 76
26 18
88 7
5 78
56 74
33 20
77 12
71 10
12 13
18 86
12 22
43 20
8 42
87 52
87 65
90 16
41 67
86 80
74 90
9 29
63 93
48 92
5 18
53 68
82 70
53 45
44 96
16 51
89 2
54 75
67 44
43 59
62 80
90 35
69 98
15 83
90 14
26 46
83 30
13 64
52 18
61 95
65 76
45 5
78 51
31 96
94 73
54 7
4 95
94 72
44 8
7 33
74 84
31 56
14 95
20 65
12 80
11 28
7 55
32 84
5 63
79 50
87 84
9 91
78 2
14 21
9 72
6 82
56 88
90 21
82 9
85 46
40 95
73 98
1 57
82 58
71 12
59 57
96 67
99 25
68 13
98 29
36 3
62 91
90 51
11 23
11 47
68 2
93 93
100 46
49 33
3 19
44 13
27 39
80 26
16 99
90 13
27 77
67 41
68 56
43 30
30 54
29 98
7 21
42 58
66 90
90 20
60 34
33 38
24 12
63 39
62 4
3 41
81 69
81 100
76 23
81 6
28 9
55 35
82 96
92 99
37 82
19 96
67 3
33 42
66 48
33 27
3 35
67 35
4 99
86 31
22 67
36 1
27 90
35 60
37 79
59 73
12 29
68 78
31 53
71 48
52 3
74 54
38 93
41 93
91 26
23 64
92 11
65 71
52 51
30 89
81 40
61 92
68 81
21 50
85 92
49 36
94 75
41 83
67 81
27 9
59 2
73 50
12 89
72 63
91 2
51 72
93 64
63 13
96 84
62 80
27 63
67 72
37 7
55 3
40 33
11 98
34 35
99 45
75 71
60 66
24 62
37 68
25 51
80 20
86 94
51 12
56 17
84 92
76 90
46 15
22 8
12 8
43 62
52 69
84 63
34 59
25 22
27 1
73 6
21 58
99 23
22 54
40 57
45 15
46 42
81 19
50 44
26 44
5 30
12 89
92 98
47 68
19 73
69 43
79 41
53 29
63 26
83 54
82 79
20 27
21 100
97 70
43 75
65 100
4 76
88 47
73 86
67 44
11 35
38 41
75 90
69 89
15 3
43 96
82 62
74 54
14 23
75 56
97 39
55 52
66 94
50 39
32 16
34 42
50 71
82 76
13 2
65 79
5 59
27 38
72 52
91 85
74 65
41 70
55 47
73 20
41 23
10 24
90 43
65 40
66 98
67 78
99 83
8 55
41 34
92 65
86 82
49 59
98 41
81 4
88 5
24 80
79 85
3 69
80 19
8 45
68 26
74 18
9 81
73 1
67 64
65 52
98 66
62 47
6 94
51 45
99 26
76 77
10 30
45 89
48 4
33 15
82 58
33 90
91 57
42 57
20 59
8 69
24 21
16 81
15 18
26 65
43 1
93 52
83 90
93 30
45 77
97 26
35 81
67 25
37 61
81 8
19 40
77 94
12 44
74 78
13 51
42 55
4 87
58 86
76 50
67 72
27 15
98 13
95 16
37 83
76 69
91 94
60 19
39 71
14 65
49 26
15 42
32 70
28 41
7 55
91 74
27 69
88 76
33 35
91 21
17 19
89 59
64 100
77 3
22 42
67 70
67 33
64 50
55 91
91 61
98 33
34 76
1 74
3 85
60 93
5 76
63 45
35 27
44 63
29 65
5 47
87 23
31 50
73 85
40 15
46 89
47 31
64 99
56 66
83 15
11 87
91 73
31 77
51 26
39 31
90 95
77 76
18 8
25 42
44 17
8 89
5 54
72 21
4 27
38 86
42 100
24 84
25 6
60 75
31 50
6 20
97 82
48 14
41 72
7 85
40 14
25 97
19 96
17 22
23 6
59 16
6 82
51 30
87 62
4 17
63 61
88 59
95 35
24 35
59 30
71 50
95 96
46 13
43 14
86 17
20 44
84 77
25 34
58 63
95 61
79 58
74 19
16 68
5 92
2 15
21 25
65 68
72 10
32 14
76 18
31 47
61 14
23 38
100 80
100 46
92 31
55 17
49 23
84 5
14 38
20 34
62 84
53 33
45 85
98 20
2 80
18 14
94 40
51 45
71 51
90 15
81 45
31 81
67 67
85 80
4 56
65 65
39 18
49 36
54 46
55 7
26 73
20 71
64 71
15 87
73 56
53 5
100 35
37 18
1 73
97 4
29 14
68 67
83 16
2 36
14 9
42 39
33 61
9 48
83 75
34 7
30 38
11 30
73 99
99 73
72 96
77 100
61 96
18 43
64 20
30 77
80 71
15 12
83 75
59 18
49 45
24 78
82 87
59 54
85 58
79 56
5 55
55 17
2 73
59 65
44 88
41 23
10 7
86 92
81 96
61 81
92 85
11 74
71 69
79 55
78 9
11 34
15 17
50 17
89 8
81 84
47 74
58 8
32 43
52 65
91 12
45 82
96 7
7 18
76 38
73 5
46 35
39 61
51 88
77 92
48 9
75 46
34 33
54 66
27 57
82 17
68 78
51 16
85 57
33 12
94 5
16 40
91 6
100 42
46 28
85 93
36 59
90 22
43 95
39 22
51 20
38 71
97 88
86 33
97 18
44 90
75 12
81 65
17 32
58 62
59 42
6 47
53 48
68 95
42 58
16 45
77 6
15 25
45 100
58 41
69 1
83 43
64 63
60 33
95 17
94 5
59 52
3 11
99 22
57 92
79 25
36 55
82 2
32 26
53 89
67 22
41 1
16 5
63 75
37 9
92 82
66 2
85 68
64 83
42 20
27 20
96 62
27 77
16 58
55 68
98 73
89 38
73 5
94 35
79 82
96 22
64 61
23 48
80 86
83 73
58 9
93 53
22 71
82 37
80 36
5 77
8 45
66 80
1 60
66 80
41 13
53 56
25 76
4 57
61 38
29 70
