10000
64 36
18 76
34 47
77 87
9 82
61 49
94 91
79 66
28 3
77 55
37 5
57 74
7 14
1 9
12 8
42 27
95 11
55 29
58 31
67 18
64 27
67 58
69 45
75 97
99 51
51 87
8 7
60 14
72 13
23 36
20 16
62 67
78 16
47 35
98 13
53 14
39 19
71 60
15 97
56 13
47 6
100 6
64 11
20 88
23 42
23 95
9 36
61 86
4 7
73 1
71 77
14 61
47 36
20 61
32 75
25 31
32 76
88 48
39 7
35 61
100 57
7 8
92 67
46 95
25 18
48 95
94 13
56 40
1 27
52 32
2 76
14 33
4 54
80 42
60 66
54 60
74 61
19 66
79 16
12 56
85 11
50 30
24 57
69 24
84 72
7 37
100 73
21 3
26 53
96 37
18 49
96 92
61 67
9 40
34 20
95 19
83 96
48 6
5 69
81 40
40 87
76 91
11 96
93 36
48 40
73 18
89 20
9 49
38 69
40 72
88 86
42 70
82 89
27 86
9 7
25 49
46 52
91 56
99 36
44 99
75 16
16 15
87 76
64 77
44 55
100 83
41 41
5 22
81 31
59 90
90 35
90 35
38 80
90 36
15 33
34 90
100 1
4 87
76 19
15 19
74 14
2 66
54 6
39 34
88 97
23 77
83 64
11 20
44 53
7 58
85 41
99 85
41 3
23 17
73 37
87 98
2 40
63 55
97 1
40 85
49 15
61 83
78 24
54 21
76 61
31 12
1 29
48 93
83 70
61 56
58 48
53 59
87 68
65 84
20 57
20 21
71 32
3 48
55 57
21 30
69 3
42 69
31 89
13 14
11 74
21 20
21 73
31 59
92 47
94 12
3 13
84 73
45 86
73 51
94 45
81 62
47 74
82 29
14 95
42 76
20 62
48 92
87 78
50 78
24 96
41 79
60 24
3 4
62 27
7 7
71 39
21 69
12 2
98 77
48 91
53 67
5 100
58 91
29 60
20 4
55 13
82 66
36 37
22 49
63 28
56 34
66 76
54 29
29 51
5 29
94 9
47 98
60 57
40 40
16 11
44 22
23 77
87 11
13 60
59 28
87 66
61 52
93 66
32 22
69 37
2 62
97 48
11 9
4 50
48 71
60 43
44 83
72 83
45 36
42 3
63 29
69 75
32 61
41 64
34 9
52 35
70 48
35 80
8 90
81 8
61 40
50 56
74 73
38 18
61 80
73 23
60 41
50 91
53 90
54 39
50 57
25 71
57 59
2 64
49 82
71 61
73 73
16 99
97 6
68 57
85 40
32 44
32 81
86 37
22 40
75 71
48 99
41 4
10 42
68 10
75 90
22 99
62 89
97 59
94 65
67 78
56 98
73 40
78 59
76 99
50 2
69 97
52 61
53 61
54 20
22 80
61 43
79 23
32 27
33 25
43 51
55 99
49 79
90 26
37 65
77 38
66 97
87 17
10 39
30 63
10 51
95 70
94 73
44 77
99 28
53 94
79 7
44 27
38 33
4 26
97 80
64 14
29 2
82 38
92 11
52 1
14 46
22 59
18 66
35 69
93 39
14 23
46 57
49 83
89 5
8 37
36 23
50 64
76 83
1 67
46 5
67 59
50 89
69 20
6 3
88 50
93 53
73 38
9 73
72 97
77 32
33 13
6 34
28 82
16 81
48 13
85 67
71 34
7 91
53 12
93 92
61 38
44 33
75 52
58 99
100 34
82 84
98 87
17 78
20 85
58 20
97 42
86 20
27 92
10 32
55 55
75 15
92 19
100 18
22 57
68 74
42 49
57 92
88 74
69 7
10 26
78 6
19 63
77 45
6 87
28 60
93 3
75 84
21 26
53 94
34 21
67 75
21 24
66 8
49 86
67 10
11 44
67 81
59 44
78 64
82 5
24 74
7 50
9 79
75 61
25 8
33 91
34 54
66 52
13 66
37 79
75 100
75 42
80 33
37 57
96 18
14 71
43 20
20 51
51 94
63 75
53 48
17 39
1 83
42 13
100 30
44 27
29 70
68 61
2 56
69 49
73 82
20 15
2 91
17 52
85 31
26 89
78 94
79 78
28 20
43 28
50 38
54 78
7 73
90 60
28 59
8 52
40 79
18 93
70 34
44 6
16 21
46 94
67 25
23 94
44 65
21 45
2 26
75 8
50 64
19 29
22 27
32 14
57 49
6 78
34 2
35 50
74 81
43 40
57 65
34 52
82 6
97 83
84 71
43 33
86 61
14 8
39 45
73 48
94 78
77 27
31 64
28 5
96 70
44 52
87 29
3 20
35 51
54 18
73 96
2 59
9 15
18 99
60 90
98 5
19 27
83 50
90 11
6 85
32 1
36 70
30 90
89 16
93 43
85 65
90 86
75 50
53 92
1 64
33 98
68 52
76 50
53 65
12 58
49 44
58 36
13 39
78 54
54 70
96 38
86 85
76 61
35 80
52 35
43 37
84 10
88 60
11 92
24 23
49 25
66 58
60 30
97 37
83 2
58 30
92 44
15 19
4 1
98 7
35 40
43 70
49 82
81 11
73 5
33 73
81 50
31 40
32 79
29 14
32 86
44 23
29 10
41 84
10 38
91 96
29 33
17 29
15 98
40 87
54 72
12 34
74 94
25 5
72 53
70 3
91 65
78 71
74 18
55 35
8 45
30 88
29 47
17 43
96 56
82 49
79 93
82 4
86 6
8 9
11 78
63 1
94 40
23 68
10 77
2 69
73 84
56 2
82 24
96 77
31 29
77 10
73 58
13 10
15 73
70 25
2 33
77 95
24 100
62 85
28 16
5 53
51 13
6 84
36 1
60 67
82 36
28 54
45 92
16 59
64 85
36 17
69 12
12 93
63 25
29 43
92 34
95 42
98 100
25 33
100 36
51 33
23 30
39 67
22 54
78 37
38 13
54 7
76 65
51 91
41 79
33 33
64 27
74 61
26 51
46 77
86 48
10 61
78 100
27 99
53 56
35 42
20 40
100 96
4 50
38 45
81 70
29 96
48 2
9 73
4 6
1 90
53 62
2 82
61 28
80 65
36 67
7 55
58 6
2 62
8 39
58 40
60 86
87 7
39 95
31 43
52 84
84 57
45 85
38 58
64 70
22 99
88 80
6 45
38 7
58 97
98 15
36 57
52 74
16 43
21 46
37 72
29 20
28 26
56 18
83 19
87 56
70 74
36 27
18 73
33 76
69 82
42 56
91 46
29 6
40 1
3 76
73 84
95 52
9 2
69 43
20 7
98 41
80 85
67 50
9 52
77 29
33 70
36 23
67 65
80 6
17 83
81 89
66 27
93 26
28 13
20 100
20 69
40 51
6 59
100 14
62 28
43 46
98 78
21 64
94 100
70 11
34 2
51 51
29 95
28 56
8 47
55 27
68 47
77 73
57 29
86 70
56 80
15 5
10 87
21 55
87 42
17 72
43 20
23 71
14 50
79 21
49 85
47 16
31 76
40 39
56 77
8 63
57 75
68 18
61 40
24 99
81 41
71 23
60 45
46 73
94 24
46 94
8 44
61 91
19 100
81 74
77 41
37 85
15 56
2 27
95 25
26 27
17 48
49 28
92 46
1 37
21 98
31 81
41 91
23 60
43 3
85 19
95 73
55 61
28 8
88 74
84 65
100 1
64 1
28 55
46 80
91 19
77 73
99 18
16 21
29 58
75 13
28 70
38 82
82 65
89 69
91 72
85 90
24 48
42 4
54 88
35 97
58 12
21 56
81 36
28 61
93 2
25 72
23 62
53 5
79 93
25 69
17 62
58 92
61 52
95 15
39 30
63 48
93 83
3 25
19 30
85 63
83 9
35 58
23 39
14 1
32 38
69 48
99 78
39 60
29 86
26 19
15 88
66 59
70 20
83 88
1 19
3 36
79 37
93 1
75 6
53 6
95 21
5 94
51 96
5 31
81 82
2 47
69 67
57 38
39 39
78 39
9 80
74 87
68 18
40 42
23 92
100 18
65 56
63 67
51 19
97 83
100 98
81 68
17 37
57 7
27 86
45 35
65 71
74 32
88 13
26 63
56 25
32 20
32 94
86 83
12 35
17 63
84 50
30 100
38 38
58 65
24 3
51 40
25 24
72 64
88 49
26 44
25 57
63 56
2 1
90 13
35 7
27 18
8 56
70 45
46 27
9 69
81 12
8 5
87 31
21 75
31 46
18 55
3 32
11 4
84 100
69 70
58 95
40 65
3 9
62 100
87 22
20 20
33 79
24 20
62 96
94 92
42 63
47 96
46 9
51 82
60 71
51 18
66 90
34 20
50 47
71 89
69 90
8 1
68 83
20 29
79 65
21 20
79 19
67 77
27 17
58 38
88 60
7 5
2 93
76 51
39 46
91 7
35 98
8 54
81 79
83 59
44 55
30 74
73 96
50 51
12 7
88 51
19 95
55 20
87 30
22 77
27 13
84 13
10 43
67 42
21 49
100 16
55 81
90 27
76 91
29 40
50 68
90 68
14 97
87 52
78 8
29 57
72 12
69 82
54 35
23 26
35 75
42 89
55 83
67 83
73 95
74 74
63 15
41 28
11 79
80 41
39 8
97 10
71 65
91 24
52 66
1 86
92 42
27 46
76 93
80 1
40 53
74 54
68 67
81 30
45 60
22 83
67 18
93 89
35 35
64 38
52 65
75 43
58 1
41 34
46 72
86 85
77 59
38 96
25 70
25 22
30 99
4 48
16 48
37 2
35 100
39 38
16 14
33 74
66 25
59 11
96 44
95 72
2 84
67 79
54 44
52 35
42 55
82 9
55 70
63 41
22 1
30 37
66 62
10 32
38 68
42 34
63 89
57 17
24 24
95 29
19 46
63 12
52 97
20 58
18 82
50 39
35 32
28 100
93 89
83 31
9 77
16 71
65 72
87 40
47 33
69 17
30 31
28 34
79 100
91 97
81 93
87 67
24 66
67 68
55 1
50 15
77 17
85 41
41 24
81 87
56 1
56 86
83 83
19 62
82 61
10 15
5 48
81 28
14 99
48 20
100 97
34 76
66 70
69 6
93 1
92 49
1 99
86 35
82 56
48 15
68 57
81 73
57 62
52 22
12 99
41 63
48 26
91 13
95 11
18 40
11 61
88 63
60 25
97 93
80 45
59 47
53 40
71 61
53 23
82 64
73 74
79 20
51 69
84 98
79 53
37 41
66 76
55 77
100 3
69 31
99 79
29 4
18 100
64 70
74 98
86 46
23 64
66 74
84 1
71 14
6 7
6 71
34 60
47 33
62 67
63 13
45 43
16 15
42 79
84 15
28 69
61 51
84 78
76 67
30 46
80 35
4 85
5 37
96 3
21 10
21 35
22 66
77 37
80 19
67 15
85 95
84 97
97 19
74 72
86 4
69 17
90 24
54 95
12 1
49 32
10 70
18 31
35 94
19 66
64 86
80 49
32 15
45 28
34 71
51 71
26 71
39 15
94 44
61 57
45 10
88 54
79 57
85 65
50 55
82 14
40 61
62 23
28 58
2 13
28 52
35 53
22 73
68 67
17 28
23 13
89 62
66 67
18 2
83 68
57 64
33 48
77 46
71 4
3 72
68 31
76 2
35 97
26 2
16 94
82 38
58 22
52 24
89 69
77 71
88 85
35 20
33 11
65 3
66 20
26 85
50 1
38 84
98 15
38 65
61 71
2 18
92 53
41 32
74 70
55 61
54 89
33 86
51 49
40 68
68 66
4 17
66 41
53 15
55 42
79 15
64 81
33 55
85 25
39 58
94 93
71 48
33 3
85 35
51 25
2 71
90 57
39 55
97 91
70 3
84 48
70 47
80 54
54 17
30 44
26 24
36 96
23 68
50 59
2 53
83 55
23 24
11 61
79 59
4 100
13 39
99 82
38 31
35 43
47 65
86 72
40 73
20 14
92 69
72 45
73 7
99 95
30 61
8 60
71 11
11 83
1 10
65 38
92 51
80 90
67 17
13 6
89 32
19 80
53 43
24 25
49 74
72 78
86 79
38 56
41 100
39 41
61 55
79 52
5 10
93 72
27 6
29 15
89 100
47 41
42 22
18 42
96 89
19 81
67 8
89 7
8 79
47 68
33 77
72 89
87 64
12 13
69 93
79 10
92 77
50 85
99 19
26 94
7 96
26 25
4 14
31 63
44 30
82 28
6 53
17 44
69 80
56 89
72 87
98 15
63 100
99 61
18 24
6 25
20 32
1 75
97 84
89 93
13 70
20 70
75 36
14 43
68 21
31 39
59 29
6 22
28 4
34 45
28 40
21 99
23 74
25 71
57 13
63 69
82 83
90 56
70 3
98 37
76 29
28 34
9 33
7 36
88 93
32 15
32 5
65 6
78 89
76 34
1 39
54 35
73 43
90 42
98 40
31 25
20 10
58 28
42 17
15 29
9 98
96 92
54 12
49 83
53 24
68 53
14 21
39 38
16 29
32 65
20 62
89 39
71 98
18 64
14 32
44 74
81 91
17 35
3 65
17 55
41 85
59 6
57 98
44 72
78 75
36 97
88 24
35 58
22 52
73 87
35 16
13 15
7 29
1 61
46 18
67 38
54 77
43 10
74 38
82 3
64 69
99 3
45 85
12 18
88 84
4 74
52 68
41 58
49 41
70 94
10 88
83 63
64 77
73 90
67 6
92 30
26 43
85 70
79 96
87 19
80 43
92 31
10 84
40 58
25 61
3 34
48 85
97 11
14 21
100 80
78 92
9 3
86 93
73 64
41 11
82 20
53 26
2 63
9 93
72 33
53 27
19 100
63 67
10 76
39 62
55 16
5 16
70 90
60 94
53 100
5 87
19 57
64 72
71 72
64 95
57 16
21 27
67 83
93 29
11 31
90 65
98 94
80 67
35 40
61 87
39 17
25 10
73 88
33 96
12 97
90 68
64 62
94 31
96 38
59 6
68 48
71 17
93 2
83 27
41 95
65 32
11 90
93 36
29 25
31 40
21 72
59 85
85 4
67 80
41 25
38 8
24 60
24 16
61 59
94 54
53 58
85 16
99 29
51 28
53 33
19 26
4 78
62 88
81 28
19 74
52 56
33 75
15 57
42 28
67 35
81 71
44 17
86 43
45 88
22 49
20 92
74 75
21 87
62 54
14 33
27 17
40 59
43 7
67 84
34 33
70 66
56 14
82 93
56 78
81 29
78 100
20 52
75 41
90 88
94 4
72 20
20 12
30 63
18 97
98 51
81 68
68 36
81 49
29 88
78 61
16 55
60 87
58 86
27 48
26 72
3 97
43 22
60 73
36 77
69 34
79 1
53 46
37 33
46 17
72 23
77 87
78 88
25 87
26 4
34 51
75 36
99 70
10 59
42 97
87 62
30 66
62 82
63 50
66 9
66 37
83 42
75 12
30 100
99 55
3 84
57 29
72 55
98 33
65 39
29 52
52 59
69 14
92 31
63 58
91 81
46 74
22 73
85 3
72 35
9 26
19 65
54 42
72 4
74 36
94 2
87 46
12 55
11 4
38 25
13 28
5 10
1 79
82 38
81 5
72 42
30 42
6 36
83 29
91 56
65 84
58 3
81 69
10 91
24 47
68 36
74 24
98 27
2 79
64 35
84 35
76 65
29 33
52 11
14 42
67 78
26 76
32 6
44 41
49 20
39 68
7 65
91 4
91 45
83 6
79 18
92 6
82 20
90 34
31 3
75 49
32 52
24 16
10 19
8 58
38 47
25 45
11 15
48 53
59 82
10 89
99 1
46 33
21 36
18 3
90 44
51 74
96 26
89 5
44 96
14 34
42 38
30 4
4 29
8 15
11 17
55 61
70 1
45 42
88 62
44 77
6 46
50 53
71 90
57 66
86 70
51 79
59 80
35 14
9 94
28 19
11 35
31 32
35 28
73 74
89 16
50 46
13 52
50 35
41 58
52 78
79 3
57 37
82 43
51 90
36 30
60 98
64 43
29 50
70 53
23 10
20 25
56 32
28 57
66 20
15 18
98 93
20 6
30 53
100 32
43 35
13 54
85 29
96 13
78 65
18 53
75 37
77 82
69 56
38 86
75 52
55 24
97 74
29 26
79 28
9 21
15 73
74 99
1 22
63 79
86 80
31 12
17 59
45 37
14 35
22 40
38 77
64 34
2 92
11 80
72 19
52 38
92 78
36 44
99 50
22 36
82 4
100 98
14 44
86 79
78 7
19 16
35 82
1 89
25 12
20 48
82 72
85 25
1 72
69 99
22 42
86 3
46 85
52 11
29 37
90 58
95 8
25 30
89 26
70 65
37 89
13 70
12 97
95 12
69 63
62 42
4 48
44 1
84 47
64 64
83 53
22 77
60 46
58 100
23 27
64 11
68 76
81 79
73 27
91 93
41 4
34 96
3 29
97 87
75 60
50 9
64 23
85 75
21 95
74 43
73 89
6 40
65 38
71 89
64 13
33 4
16 66
99 19
46 47
57 20
58 6
28 21
81 64
95 1
10 20
95 35
9 100
74 25
37 96
65 100
8 97
55 24
14 54
94 11
52 2
30 10
59 9
82 39
24 29
39 34
48 86
68 8
85 93
32 74
89 48
25 48
44 80
71 9
85 16
19 36
17 100
97 76
8 79
66 84
7 5
17 6
90 36
14 26
80 97
99 20
45 76
68 40
55 90
1 91
6 19
26 74
71 75
1 30
5 67
13 63
23 81
68 64
16 33
89 48
30 40
67 26
15 34
17 21
24 17
11 81
88 88
6 58
62 7
87 66
73 52
28 95
32 48
10 100
80 50
47 61
89 65
38 55
99 55
27 74
71 37
54 10
77 11
19 38
17 58
56 41
9 35
87 40
82 96
91 14
46 37
74 86
2 12
41 52
18 19
25 40
8 30
50 84
40 68
73 9
25 80
49 85
15 36
25 96
31 15
9 28
4 35
14 57
98 6
8 15
24 84
54 31
65 55
14 56
23 39
64 99
18 65
84 32
52 60
80 34
74 40
62 29
26 75
85 23
80 44
89 3
79 43
86 43
97 51
51 71
89 66
70 59
30 5
90 81
64 21
15 89
13 76
18 38
2 54
13 81
50 1
35 28
43 20
71 92
71 73
62 11
38 83
69 68
39 11
100 2
31 66
43 43
93 12
33 94
65 45
74 14
45 61
42 40
80 64
31 2
36 44
13 73
79 33
92 17
43 44
19 74
9 61
68 2
72 100
95 88
96 21
54 41
33 95
80 12
10 62
66 97
5 30
21 83
62 13
100 5
8 70
30 16
82 97
17 5
49 64
92 44
36 45
36 68
91 15
31 52
76 96
48 33
25 69
67 39
33 66
43 40
87 24
55 68
20 24
72 20
39 16
16 74
60 51
93 3
18 23
54 45
19 2
77 95
22 44
85 6
61 27
45 48
2 51
15 74
26 39
93 16
54 8
89 65
11 81
67 28
56 21
72 74
74 1
20 47
44 5
52 4
83 48
3 85
98 70
58 76
8 2
91 61
62 32
25 72
64 44
99 19
64 22
44 89
22 16
35 17
72 86
73 54
85 75
90 34
44 99
9 3
1 52
15 14
83 92
85 98
35 35
69 50
8 12
38 30
27 24
98 50
61 70
4 45
45 45
78 40
96 39
95 48
90 9
61 24
52 97
21 86
31 89
87 90
53 24
19 31
99 17
81 59
38 36
3 34
80 81
26 27
19 20
74 60
80 34
83 32
30 55
69 12
96 56
2 48
31 72
30 30
40 10
88 78
97 43
11 29
75 36
55 93
7 29
4 87
62 86
70 44
92 38
55 87
45 8
86 28
80 68
57 71
77 96
100 26
90 11
54 64
98 8
8 57
88 11
95 2
48 64
45 40
53 51
78 50
11 16
77 42
83 33
12 11
80 12
36 70
74 89
33 23
49 41
31 88
3 25
89 51
40 85
42 93
88 19
94 98
34 70
39 16
54 2
27 33
65 62
54 90
3 87
13 3
79 43
90 33
20 79
83 59
63 24
3 50
43 96
99 28
65 89
44 18
91 22
3 55
35 56
45 37
94 9
39 24
3 81
57 22
59 39
33 73
15 35
75 9
83 25
36 99
14 31
69 4
4 71
10 39
78 54
27 72
14 18
47 17
98 3
90 8
94 22
80 8
9 6
68 91
31 55
41 44
86 9
99 89
79 8
79 57
14 6
80 27
23 26
95 20
29 85
27 74
58 58
81 18
16 100
8 98
54 1
41 91
9 91
32 88
98 10
96 11
15 75
90 37
52 84
8 32
20 34
5 78
44 37
95 59
36 55
56 42
55 48
32 63
38 63
2 87
73 49
50 87
23 39
76 27
74 83
58 94
69 15
23 12
3 69
22 91
75 29
32 81
28 63
96 17
78 49
3 50
98 4
88 72
42 15
98 68
98 8
13 66
74 87
29 76
55 2
66 82
30 97
14 57
12 9
73 89
10 27
90 7
31 77
78 24
44 76
91 41
35 55
58 8
41 38
83 48
39 1
81 68
97 94
76 60
55 100
100 64
26 89
70 8
18 99
32 61
26 74
53 60
29 10
67 21
99 2
68 37
2 48
56 50
94 31
62 48
82 61
11 7
50 32
15 67
30 98
79 56
71 31
15 51
92 34
72 90
87 91
26 40
39 81
89 84
63 50
31 44
11 93
2 12
24 68
30 5
65 8
60 88
90 27
38 81
12 61
70 98
52 95
89 42
27 77
25 41
79 7
36 41
99 37
4 74
5 33
78 21
92 90
8 81
68 98
61 31
58 82
80 61
76 68
54 54
44 78
94 74
84 81
66 34
17 69
59 73
1 89
94 44
78 53
24 97
2 36
27 12
17 6
72 44
73 26
49 68
55 94
42 91
74 7
24 43
76 83
15 28
71 60
72 100
13 47
96 14
35 22
77 3
79 49
47 51
26 95
18 80
41 11
70 14
18 46
56 45
80 23
24 50
82 47
1 46
94 48
12 80
21 88
82 99
36 80
49 61
27 18
41 67
29 62
80 98
7 88
42 86
10 65
87 91
12 39
37 57
86 100
36 6
87 69
4 75
49 4
35 75
22 27
41 50
41 72
99 47
59 40
85 68
56 71
11 19
10 99
27 95
98 62
53 84
83 8
58 31
12 45
5 85
23 45
86 63
16 84
62 27
75 46
46 30
68 56
1 77
6 27
24 3
41 28
39 23
35 48
53 98
44 57
82 19
53 67
81 20
2 94
46 76
39 92
6 59
99 6
87 57
84 10
59 24
89 49
46 24
49 50
73 44
6 55
62 10
73 95
30 75
88 27
50 79
70 7
37 69
64 75
25 48
37 35
23 25
36 21
100 36
70 73
79 28
27 41
37 51
87 66
77 26
45 27
4 14
85 92
34 49
67 10
48 3
45 22
79 32
42 79
67 12
51 97
39 29
37 75
31 75
93 8
1 89
34 4
2 70
48 36
70 66
45 69
20 41
91 98
24 32
76 90
43 78
87 33
58 75
60 89
50 4
96 2
92 81
57 45
50 4
80 72
21 77
40 40
69 30
38 93
62 65
34 56
95 72
41 52
99 100
40 100
3 87
1 46
67 57
90 69
13 22
40 33
98 79
73 66
61 62
10 74
26 44
81 72
15 21
24 65
20 15
64 74
2 64
19 68
73 61
36 85
82 27
17 79
58 89
96 18
2 6
91 80
1 71
51 67
92 74
32 63
89 47
89 90
63 7
9 35
19 97
19 100
23 87
30 32
28 78
49 29
35 39
8 35
62 59
53 5
84 36
67 72
83 55
13 45
14 74
31 32
22 1
84 96
87 65
28 14
42 76
95 76
67 2
62 28
12 67
32 96
2 50
19 36
5 84
32 70
9 62
53 30
14 36
25 1
53 52
66 94
80 60
22 46
14 35
25 77
53 8
72 7
57 43
42 13
78 26
82 86
39 87
67 53
74 91
53 26
95 70
72 26
82 93
71 95
79 47
71 32
54 95
38 10
89 31
23 66
56 56
3 95
42 69
47 16
11 51
93 57
72 64
82 53
56 4
47 87
50 70
18 3
16 7
65 4
37 87
21 45
94 75
39 88
95 37
3 5
39 47
14 10
11 95
63 18
51 61
4 100
30 73
55 45
79 19
100 16
57 72
60 50
46 50
37 40
38 91
97 76
38 62
37 48
8 99
17 58
60 21
10 41
93 64
38 72
34 89
39 90
61 50
91 58
51 80
50 88
70 98
15 59
59 51
58 66
50 75
76 61
95 85
53 39
100 90
10 33
79 100
74 91
1 64
48 51
43 97
90 65
94 4
75 52
55 33
70 56
7 97
68 53
81 20
91 32
62 53
16 40
52 89
30 5
4 29
55 99
26 45
15 71
100 89
75 54
21 44
61 79
40 28
31 72
100 22
3 61
74 18
52 77
58 33
33 13
61 88
11 38
84 25
9 35
14 83
89 86
78 1
65 17
29 95
40 80
68 94
40 93
63 91
22 20
75 54
32 35
41 95
73 76
71 81
11 36
15 51
22 92
51 38
60 31
84 99
10 52
92 1
96 54
43 17
25 17
71 56
52 63
2 76
39 73
8 1
60 22
3 81
65 5
70 24
36 54
22 97
57 65
50 52
18 92
69 42
9 39
49 12
1 3
87 91
27 46
91 86
19 45
67 83
50 88
6 37
41 79
85 97
43 34
49 12
26 17
5 86
7 5
97 7
7 35
50 33
32 92
71 50
37 37
32 86
76 89
22 17
19 58
13 13
92 13
24 69
81 80
54 87
36 2
46 43
88 95
27 19
86 49
20 22
37 51
59 13
91 32
29 9
90 93
21 81
58 96
1 38
27 54
25 62
7 22
56 94
16 35
64 1
83 83
75 20
33 85
32 75
17 60
35 58
4 55
90 61
2 90
99 28
43 75
41 49
96 97
94 63
31 57
15 13
39 89
84 23
26 15
49 42
26 83
51 82
37 40
42 90
29 92
69 23
18 9
23 13
5 16
75 87
24 42
52 62
30 35
36 7
2 84
100 79
66 50
60 54
89 2
95 69
45 63
91 63
23 13
75 80
80 2
66 3
43 69
16 24
56 51
83 57
86 82
87 3
32 47
56 72
100 2
41 44
64 83
6 87
48 33
66 27
86 83
82 80
52 97
55 59
100 37
15 85
19 53
40 2
99 95
73 98
97 65
42 12
48 99
50 95
31 67
73 16
50 54
95 53
51 2
11 2
38 77
38 56
29 77
57 28
72 82
77 20
46 70
83 45
69 33
39 51
99 64
67 100
17 13
52 19
14 14
20 4
90 58
59 71
86 68
50 9
49 26
28 94
96 63
39 16
95 29
66 45
92 84
45 61
97 96
79 62
10 51
65 51
60 76
21 45
43 70
54 43
48 33
36 95
95 26
10 41
7 75
86 50
59 30
10 7
77 41
20 38
43 37
41 2
12 61
98 6
83 51
48 82
84 35
76 30
13 85
71 71
11 8
20 21
37 82
27 65
74 99
55 16
35 95
69 98
7 66
3 89
17 2
22 52
36 97
33 100
81 3
70 44
10 42
64 98
23 43
15 96
41 69
11 75
15 79
72 21
96 26
62 12
27 83
15 14
80 48
66 12
2 35
55 64
76 19
13 50
61 27
45 53
47 7
27 61
37 50
82 33
27 95
96 53
77 11
18 56
10 83
20 63
70 74
26 45
44 39
95 4
17 91
56 16
50 34
76 86
35 9
70 61
3 66
65 80
28 83
87 89
17 6
51 86
32 29
83 75
19 29
31 35
19 38
50 68
24 78
6 58
86 75
19 89
92 35
20 71
69 6
59 86
64 10
23 95
38 5
69 8
33 99
42 4
89 44
23 12
73 28
69 58
3 39
98 46
74 17
17 42
75 75
79 38
36 2
84 25
58 52
32 43
3 26
46 91
21 68
54 93
48 22
2 2
13 100
47 38
68 63
79 42
90 10
31 77
11 14
54 20
18 85
62 72
62 59
14 82
79 67
74 26
40 28
27 52
27 25
89 94
40 20
88 29
29 70
57 91
36 10
62 5
47 24
76 8
82 41
42 60
7 67
37 98
94 63
50 20
88 90
66 79
61 5
7 41
26 15
31 61
25 45
65 71
68 92
30 1
32 71
61 90
38 97
88 31
12 89
3 51
78 68
29 91
24 87
31 49
1 14
10 77
58 26
99 25
18 29
25 1
99 37
91 88
86 78
19 49
66 73
99 95
92 79
85 15
65 16
15 17
29 76
94 38
2 44
62 71
72 38
71 23
27 13
10 64
90 80
12 7
4 62
2 95
40 86
61 56
53 76
72 33
51 17
70 4
61 83
74 32
73 97
6 99
61 68
14 51
99 25
57 3
38 10
97 77
48 58
32 52
85 55
85 35
72 6
39 84
89 64
67 61
12 73
11 73
92 24
75 90
100 83
92 37
93 41
13 92
50 96
43 34
2 27
68 25
33 58
8 73
22 75
33 33
99 43
57 90
18 31
79 17
14 23
53 6
63 17
97 64
64 39
97 65
18 16
90 2
74 49
74 47
23 6
31 21
100 88
62 17
18 41
33 31
63 37
36 77
53 84
92 16
75 88
32 44
55 73
45 28
22 18
26 96
75 57
69 26
44 30
94 61
70 78
92 84
14 79
12 18
15 3
33 41
42 16
84 97
89 28
76 10
97 2
57 71
58 25
48 53
55 41
13 76
18 56
12 83
87 23
100 1
78 32
93 19
99 76
15 87
3 43
48 99
44 5
21 53
29 68
5 35
8 69
11 77
25 22
59 63
96 58
63 73
41 7
44 39
82 58
78 36
52 25
86 47
81 6
99 62
25 55
96 84
24 58
60 100
31 70
62 79
27 76
51 19
82 94
57 63
4 86
50 55
63 35
54 43
40 52
56 16
59 4
99 82
13 58
33 44
27 94
22 5
21 24
23 2
70 31
16 73
17 65
79 79
99 32
73 90
36 29
5 46
84 3
79 96
12 11
39 38
56 12
94 76
36 16
77 57
98 44
29 14
8 59
44 58
43 17
47 78
97 51
75 80
53 53
75 64
63 66
53 18
29 98
93 16
13 21
72 10
64 52
76 23
11 71
80 53
39 26
82 35
28 56
66 80
8 93
95 22
10 99
39 38
48 83
6 12
55 77
21 70
29 48
92 39
19 23
43 57
100 24
44 27
31 61
58 38
53 4
59 62
54 49
52 1
83 57
12 37
33 84
58 13
32 1
3 2
23 45
10 22
20 53
100 50
14 57
87 18
60 97
32 65
97 83
65 79
91 76
67 75
59 24
88 42
24 42
95 98
87 5
71 6
9 70
8 74
78 46
92 89
43 23
53 91
57 17
70 99
44 88
73 55
12 12
48 87
54 43
37 92
99 59
49 7
81 56
33 58
2 24
99 96
98 51
86 54
20 7
4 15
95 28
69 58
40 17
96 45
11 32
88 61
43 36
19 23
44 51
32 45
74 30
92 71
33 77
76 52
84 31
66 30
59 87
87 50
55 34
94 65
66 33
25 60
68 95
82 63
46 65
7 19
95 98
42 27
27 69
30 62
100 47
91 58
33 29
7 87
62 52
3 79
84 79
38 3
74 71
66 19
36 24
89 82
74 82
60 100
51 89
13 2
87 3
59 72
83 17
10 44
20 13
75 3
43 64
57 16
35 74
86 70
98 27
3 23
8 62
74 58
50 86
59 88
40 69
59 22
85 69
17 4
33 91
58 75
55 67
43 41
40 80
62 89
6 64
63 14
25 36
23 26
21 34
13 12
2 24
33 39
92 2
94 76
44 4
50 50
70 44
90 61
24 3
50 81
66 12
94 42
100 17
67 72
50 32
84 3
7 68
41 50
69 87
25 13
90 26
14 59
70 56
19 45
58 20
25 24
84 71
17 83
39 36
6 88
67 89
42 25
57 83
74 25
21 98
89 10
23 3
68 44
58 38
88 67
10 65
90 93
35 59
27 73
94 32
12 12
21 53
36 29
87 9
5 7
6 94
68 80
48 35
76 57
25 15
23 34
79 65
26 65
23 4
89 68
87 100
79 59
5 14
87 43
74 92
2 31
37 69
10 84
56 85
92 80
52 14
13 30
30 90
47 52
45 35
19 31
87 49
90 43
14 76
85 87
67 38
17 3
7 79
38 14
15 29
93 66
95 57
48 24
46 94
28 42
80 98
72 66
47 61
8 60
89 45
99 55
34 15
10 92
45 99
5 60
80 49
77 74
5 24
97 2
69 76
43 49
74 15
14 20
27 74
31 15
70 29
22 55
96 83
47 40
81 51
51 60
100 28
85 56
3 82
58 72
57 52
20 82
18 85
53 45
58 84
11 79
64 32
34 11
66 80
51 47
82 53
58 33
80 95
89 83
28 98
6 36
49 25
18 67
9 70
63 19
5 73
97 69
5 30
79 70
61 81
68 95
34 78
27 65
72 67
99 51
64 4
86 65
80 3
31 89
73 93
59 29
17 55
97 73
37 28
95 49
60 14
43 45
91 70
62 14
36 12
64 52
16 50
16 47
4 98
87 28
42 45
57 58
100 5
31 88
84 25
36 44
38 31
40 81
52 1
46 39
13 62
90 80
63 57
26 66
54 13
94 47
57 50
5 8
54 87
47 38
63 35
33 52
65 72
84 16
25 30
6 89
43 96
68 5
52 45
70 58
57 15
4 66
64 60
25 70
98 72
7 60
58 91
64 22
14 47
89 38
28 94
26 70
41 45
74 45
90 96
2 98
10 57
15 74
69 40
43 66
63 1
26 20
43 89
93 56
35 33
94 15
78 71
84 71
16 58
15 5
53 68
54 62
76 69
87 44
60 81
10 22
33 35
93 75
75 37
31 61
21 24
75 98
46 59
68 61
68 34
17 72
1 71
33 77
91 72
20 50
52 29
71 85
15 15
59 41
51 41
2 71
16 28
20 62
38 40
22 5
73 91
76 26
61 61
2 51
84 73
52 87
54 74
71 20
88 82
61 90
22 14
12 38
41 83
99 31
22 72
35 47
62 63
72 74
75 25
76 10
97 27
96 2
100 19
22 39
100 82
28 73
95 91
62 87
74 12
17 95
36 4
93 97
18 64
23 44
88 98
53 37
25 48
38 76
66 11
15 17
92 94
42 38
85 3
77 58
67 45
4 2
48 97
50 17
12 72
60 100
70 12
88 46
12 77
21 29
88 35
46 79
29 87
69 13
41 45
22 7
41 25
60 89
73 10
5 85
81 17
36 50
28 75
95 91
51 68
20 38
2 65
17 82
3 37
94 43
33 67
2 73
44 61
13 16
70 18
52 3
86 39
4 65
13 51
56 64
18 75
1 19
91 69
1 45
57 46
39 89
13 40
62 8
53 74
23 74
43 27
76 80
17 32
45 30
82 100
45 99
26 45
69 16
66 21
60 22
19 50
11 83
90 24
90 94
49 64
67 44
90 95
23 7
26 19
88 7
18 32
57 95
28 25
62 93
98 73
15 16
23 77
98 12
52 39
5 52
2 23
47 44
17 22
2 94
40 89
100 10
72 8
4 99
85 66
92 82
38 58
49 60
86 46
23 89
36 79
40 37
54 39
80 70
60 33
16 99
21 15
60 92
75 64
43 59
81 34
40 18
43 88
30 28
85 52
16 20
83 7
56 36
45 88
57 56
72 72
7 93
39 66
36 13
29 78
71 9
63 62
79 5
49 8
84 85
11 51
4 93
10 11
80 54
50 37
62 22
8 68
66 98
33 53
10 62
31 32
22 45
93 100
2 93
59 85
77 70
88 32
14 97
43 94
50 44
82 63
65 89
30 30
39 63
83 100
76 65
32 97
61 76
49 62
69 7
99 45
76 86
77 90
82 71
35 83
14 16
46 31
56 75
60 94
37 94
94 12
10 77
61 23
52 9
84 20
15 82
17 43
67 45
84 100
67 18
83 80
85 28
10 40
2 22
86 91
67 31
54 29
59 14
51 10
74 34
82 89
68 50
31 86
94 14
86 60
83 68
91 67
47 53
58 100
74 95
90 40
25 96
68 83
61 70
45 35
56 26
75 23
27 57
8 20
22 45
31 4
12 73
22 10
25 79
10 98
26 51
90 50
46 9
85 59
79 29
93 34
6 19
8 32
75 67
3 96
12 85
51 75
9 72
85 34
2 94
83 27
96 24
29 42
33 65
52 63
45 96
48 2
14 7
33 88
73 87
35 36
23 37
11 31
8 47
16 61
40 99
40 35
22 20
28 6
36 79
68 80
74 67
81 39
73 65
78 98
3 12
33 77
48 43
7 7
89 23
20 80
73 11
67 94
30 46
52 65
77 71
96 2
38 76
41 62
92 18
59 46
82 92
22 81
86 28
88 75
2 59
6 26
69 24
72 50
70 23
14 98
93 61
99 30
88 39
44 79
57 2
24 90
93 97
70 79
76 9
5 78
67 10
55 87
86 26
36 55
48 49
52 41
61 2
22 48
41 65
26 49
67 1
38 11
97 59
89 25
68 45
2 86
7 56
73 92
82 8
98 81
9 1
73 69
2 95
17 94
11 94
42 29
47 31
40 95
90 80
19 57
25 72
94 31
80 66
74 13
74 71
93 34
23 66
2 24
12 70
18 22
64 11
51 62
42 42
56 31
21 27
39 97
98 84
79 77
50 52
89 75
74 34
8 96
51 61
20 62
31 89
35 94
99 37
7 40
78 62
22 51
88 12
99 38
96 78
14 97
29 55
71 55
40 78
50 90
38 69
51 20
9 37
65 8
74 71
99 3
85 73
53 72
36 4
61 31
81 27
79 61
33 49
15 72
78 65
61 68
85 63
87 46
99 52
53 24
22 3
27 6
75 31
30 63
34 42
45 14
68 24
75 100
72 41
71 2
57 83
69 42
97 55
87 96
58 91
19 80
45 97
37 72
28 18
34 61
60 78
75 79
1 1
79 25
93 1
26 50
36 94
43 32
100 81
79 10
23 98
89 67
46 77
38 73
47 71
34 58
1 8
36 1
60 14
25 52
67 2
1 2
47 95
33 47
75 12
56 97
61 96
64 6
24 53
79 70
24 64
27 24
71 15
76 82
28 53
33 94
54 86
47 1
32 80
99 7
43 6
55 3
1 18
60 76
71 90
98 46
53 76
21 75
90 48
56 70
100 41
15 54
78 62
6 9
93 4
15 35
61 70
89 13
39 48
88 61
38 37
58 90
13 30
65 54
78 72
23 77
12 90
82 89
51 39
50 43
94 64
29 54
85 17
66 76
16 6
36 5
42 46
47 6
75 63
60 52
34 34
81 98
23 14
38 73
53 87
67 98
51 47
52 87
15 17
62 31
74 50
87 16
95 33
21 69
95 80
73 81
14 5
78 88
18 15
13 22
54 31
20 56
78 23
42 92
91 56
74 65
5 13
80 99
45 100
19 92
32 43
72 97
47 1
84 65
67 96
38 20
27 57
75 56
31 69
99 22
24 25
86 28
37 17
78 81
16 48
72 99
91 95
47 37
47 31
53 14
78 91
33 56
99 60
11 30
28 62
3 51
86 88
30 22
4 59
54 71
6 78
22 96
72 68
85 19
50 89
84 80
79 68
35 30
27 98
11 6
11 13
56 96
52 37
69 7
95 22
77 1
99 50
48 23
70 84
93 19
73 76
98 3
43 85
32 22
34 42
27 44
6 35
91 57
71 59
63 66
80 92
18 79
93 17
1 62
1 93
33 25
20 30
27 14
66 11
35 51
4 14
46 10
48 36
18 18
94 33
35 74
76 4
4 68
21 56
82 73
100 14
97 19
95 75
32 61
85 19
63 89
32 9
98 79
44 67
48 90
99 35
15 26
38 18
94 10
25 75
82 24
40 30
94 34
5 77
46 41
95 9
29 78
17 78
8 60
45 56
49 95
42 63
21 79
32 66
89 56
92 22
31 31
52 24
64 8
1 10
100 95
18 29
25 34
58 32
45 2
87 46
49 28
60 69
59 44
86 99
51 77
20 82
7 23
5 70
82 57
31 82
4 48
10 28
33 67
59 30
21 98
27 69
77 86
89 35
81 26
85 32
2 5
65 8
27 21
29 61
78 60
42 33
59 3
60 92
69 70
73 41
67 99
61 96
36 1
82 17
26 67
100 27
71 64
86 49
84 67
9 13
78 50
45 36
52 56
79 73
26 51
65 44
49 78
39 85
78 21
53 56
87 52
82 9
15 20
57 50
86 18
15 15
19 11
50 23
67 29
47 44
79 11
87 28
88 78
64 18
98 16
73 36
67 6
44 33
25 52
34 62
69 100
76 88
11 78
62 29
6 8
72 36
18 10
15 58
87 78
75 36
45 99
23 63
4 18
47 81
70 33
94 90
32 22
29 94
99 90
22 56
97 45
91 67
55 6
24 93
35 50
81 32
48 3
94 51
21 41
83 42
73 77
31 56
98 60
50 96
49 23
51 98
68 93
64 74
50 39
18 37
88 98
68 87
53 61
89 73
53 72
66 77
48 96
85 45
7 34
92 8
56 94
5 75
86 20
48 88
58 66
24 97
15 91
83 67
3 71
91 8
94 56
84 41
4 68
37 10
53 28
17 9
73 73
35 11
92 83
98 1
100 21
97 66
63 31
33 65
54 75
72 47
83 8
40 86
75 76
47 80
56 64
40 28
88 74
90 80
8 87
80 7
59 29
73 21
59 57
38 12
83 9
11 65
68 50
50 95
77 97
74 84
12 13
12 99
86 53
30 94
40 10
52 98
90 76
19 48
84 8
12 67
68 74
31 36
23 33
30 51
81 3
35 44
15 98
94 52
50 24
45 89
85 49
39 74
76 9
73 60
16 84
26 83
9 8
18 31
92 99
34 24
1 68
67 67
65 13
19 66
36 15
55 72
15 45
45 91
53 69
50 68
5 27
2 13
86 72
96 78
70 29
1 71
96 20
89 12
32 7
77 19
74 83
90 88
27 86
78 31
54 79
50 10
5 52
23 91
23 70
20 44
98 72
66 45
43 55
56 26
13 84
44 38
19 85
26 45
70 55
28 76
86 77
85 90
80 59
32 54
28 3
98 25
27 63
21 69
69 76
95 82
12 38
19 30
23 96
26 44
3 53
19 88
30 56
77 9
66 61
63 94
15 12
70 41
74 91
10 95
18 4
76 29
93 46
10 67
42 36
11 44
40 81
31 69
36 59
30 54
71 44
47 86
55 68
26 80
58 87
74 28
90 1
56 35
47 18
1 40
53 63
35 92
44 65
13 31
75 94
84 46
37 82
83 43
50 8
74 59
47 100
86 36
52 94
22 50
11 75
89 15
37 23
58 32
39 22
15 66
15 98
11 3
32 45
97 81
4 71
39 50
22 25
38 73
18 59
23 80
33 63
94 22
86 51
53 76
73 67
41 39
17 3
42 48
47 38
80 51
60 70
100 81
46 37
6 63
48 28
94 80
90 87
53 27
90 6
55 14
24 95
52 92
50 45
91 96
83 70
98 94
92 50
75 37
86 32
52 85
59 45
65 100
84 17
79 73
74 33
38 50
79 41
41 28
86 32
76 20
53 73
13 44
22 39
33 60
70 84
44 80
28 60
32 63
29 10
87 54
42 24
3 72
65 96
100 2
79 75
73 31
99 85
27 73
76 59
32 97
94 27
77 73
87 8
36 67
69 22
20 62
46 23
33 62
70 84
15 48
10 87
78 9
23 56
33 98
66 64
47 59
42 23
84 28
82 19
94 2
40 66
63 37
40 95
50 9
31 64
56 40
2 85
100 25
41 32
74 58
47 20
69 89
94 52
68 75
70 14
76 61
79 90
98 18
37 99
26 67
63 81
6 64
17 58
40 57
89 14
67 36
33 87
76 27
38 43
53 59
56 81
71 34
70 20
3 6
19 80
24 33
60 30
48 77
87 88
85 27
53 3
14 85
89 89
63 78
32 68
88 39
100 11
25 69
30 27
27 100
7 50
32 18
31 32
46 69
19 83
96 23
37 9
59 78
50 22
55 81
41 95
19 40
5 43
60 86
22 38
86 28
40 69
97 22
100 95
91 70
77 38
92 65
98 51
42 47
24 49
79 16
43 50
55 99
92 66
36 65
56 73
44 95
94 41
16 93
87 58
15 15
47 58
79 45
60 21
43 83
69 74
98 63
23 4
13 66
22 48
31 77
73 74
23 66
66 38
10 52
48 76
66 94
34 45
90 93
65 85
28 85
58 77
99 80
33 11
45 54
10 27
82 82
1 4
99 66
93 9
70 92
84 35
86 69
79 27
14 95
11 41
31 68
69 29
47 1
39 44
6 1
70 87
82 22
42 81
40 35
41 9
26 76
43 63
45 74
90 58
20 52
50 51
20 18
31 18
19 22
13 76
22 83
15 3
56 56
35 95
42 27
3 20
3 98
82 47
23 23
56 94
75 5
96 46
74 27
63 44
48 76
20 69
10 34
23 65
89 10
12 83
36 66
2 38
15 35
36 37
10 43
31 36
47 26
81 21
4 43
64 51
70 35
71 31
68 46
96 9
55 59
91 90
24 44
80 91
78 67
27 39
10 9
74 8
87 54
28 42
49 44
93 18
78 15
1 98
60 48
58 14
6 48
56 81
43 87
71 72
5 50
11 14
10 84
22 96
90 1
90 38
96 34
7 26
48 7
75 8
54 32
73 11
79 80
92 73
18 14
44 23
63 54
88 73
90 9
20 79
62 9
68 9
42 26
34 42
85 8
1 90
91 73
1 69
5 44
93 22
57 37
96 20
42 84
44 31
44 63
61 57
24 80
66 65
6 51
6 90
11 6
31 1
31 31
22 87
74 14
60 83
2 56
2 44
91 97
26 34
11 39
91 34
18 8
51 75
58 8
16 68
66 47
21 48
29 42
34 55
55 93
37 57
100 90
52 42
86 77
76 96
67 18
30 85
25 32
11 34
39 27
54 4
25 74
51 53
15 36
7 21
81 43
29 80
32 80
22 69
9 49
65 75
18 46
11 42
77 74
27 67
100 80
71 76
53 73
80 67
9 87
40 89
81 68
20 65
100 93
33 60
93 49
86 10
46 97
3 74
22 30
41 73
61 63
48 14
87 27
32 95
65 71
35 46
91 55
10 90
99 94
1 92
95 86
53 92
34 8
66 55
89 58
27 49
72 74
62 58
53 94
53 17
16 39
62 6
45 23
47 44
69 47
87 15
85 91
6 18
98 23
73 86
80 99
87 3
25 48
61 77
93 65
93 61
3 7
18 48
81 17
43 49
15 81
63 99
71 21
17 21
43 41
58 75
91 44
77 15
44 37
91 36
53 36
48 56
42 66
55 22
82 97
23 96
77 37
95 99
57 63
19 52
3 77
26 93
20 54
60 63
43 2
51 95
37 50
2 30
15 56
4 48
52 26
44 80
14 90
79 71
4 97
22 6
25 99
50 97
4 9
11 46
11 61
93 99
63 94
29 77
50 84
25 1
9 20
81 22
61 11
44 64
7 17
21 32
15 22
80 71
31 90
16 93
3 8
43 65
2 23
41 3
6 17
3 66
36 35
40 48
45 35
11 4
52 31
87 18
53 66
88 35
7 4
79 9
63 21
25 16
96 66
18 1
34 73
19 22
59 58
69 56
44 80
11 95
62 97
13 14
14 52
100 72
7 78
81 70
51 5
37 98
22 55
50 8
79 68
29 37
77 49
44 21
80 54
67 42
2 79
7 67
83 7
39 89
36 19
10 38
75 47
35 49
53 85
56 83
4 36
71 33
84 15
53 16
68 19
57 22
50 15
88 84
73 26
72 61
44 34
98 71
80 85
19 84
21 26
66 24
61 36
56 96
2 60
11 70
31 19
91 32
34 30
15 58
56 86
18 99
19 16
21 50
52 39
85 72
16 2
47 76
90 55
24 91
66 86
12 96
57 2
27 90
84 41
99 39
79 17
89 49
84 10
51 35
100 35
58 16
37 4
43 26
10 66
68 76
4 80
71 60
33 50
1 16
42 99
54 20
15 43
69 98
52 71
84 51
5 41
18 93
97 61
70 6
78 38
81 81
17 4
40 49
53 40
17 94
39 70
66 5
12 86
55 15
56 38
66 12
79 35
5 75
95 26
32 73
15 13
53 83
68 93
84 72
84 100
65 22
69 82
27 81
67 81
47 22
70 64
34 100
99 90
26 93
67 58
17 82
22 70
64 89
14 47
60 49
46 76
71 15
58 49
47 24
81 93
98 2
57 83
2 55
72 27
99 38
84 16
71 57
37 35
45 2
81 56
50 79
32 72
93 41
72 91
16 4
35 13
6 91
47 7
97 18
33 48
8 69
15 78
25 51
64 22
4 97
77 5
75 60
77 67
100 48
9 68
52 43
80 57
86 79
15 34
48 99
81 55
67 95
85 44
97 100
65 52
96 93
57 70
53 33
88 4
32 96
71 35
91 3
91 76
81 57
9 28
56 42
35 22
88 71
17 37
70 81
88 66
74 44
87 78
28 75
81 60
22 4
46 12
6 37
39 86
45 48
13 100
41 99
74 28
69 90
64 39
71 4
56 96
99 42
73 27
16 5
38 90
8 83
1 13
71 40
50 16
39 15
15 31
13 88
58 82
30 74
20 100
77 75
47 75
16 71
53 84
75 90
73 35
25 25
99 47
16 49
62 54
63 29
36 27
68 94
8 97
19 79
48 95
53 46
21 21
16 74
56 43
15 80
29 91
4 27
38 20
27 51
25 41
79 61
68 99
6 75
95 24
54 95
70 58
40 90
30 8
15 85
50 82
64 78
24 68
56 61
39 83
12 15
23 42
75 90
40 32
17 87
55 22
33 76
79 24
18 9
31 84
93 32
65 9
61 41
76 17
1 66
99 64
80 73
58 7
15 49
38 31
87 45
52 19
20 82
43 89
90 25
73 35
57 89
43 17
29 70
33 30
35 83
45 66
8 54
72 22
3 10
4 89
54 7
60 25
88 54
14 30
78 86
64 34
26 58
3 55
79 87
36 13
70 80
78 29
86 2
50 88
11 5
28 16
11 39
40 98
92 5
79 22
42 94
55 68
51 9
22 29
96 9
93 17
88 23
45 25
24 46
12 86
50 92
1 60
30 92
9 22
49 40
43 90
33 49
9 36
58 30
16 5
38 9
21 78
83 17
2 58
62 66
43 63
57 95
74 38
38 34
59 86
73 53
28 6
2 36
41 11
66 56
67 55
16 39
84 50
55 38
7 68
55 1
30 11
47 3
48 85
88 59
70 61
11 97
66 64
85 58
26 50
13 44
56 81
82 92
30 36
29 89
55 83
41 36
45 40
38 44
24 78
54 45
38 17
94 3
80 78
60 58
79 24
1 86
56 35
77 38
22 57
26 77
91 18
12 35
57 2
31 32
79 84
77 16
100 22
70 32
51 81
41 29
4 93
66 12
27 43
49 49
99 26
25 42
43 88
76 52
89 58
83 19
42 11
34 93
32 55
76 82
35 16
62 91
9 28
2 87
22 50
35 72
75 11
13 69
51 89
20 91
98 55
10 91
65 95
84 49
50 59
82 36
27 96
26 87
23 79
73 96
80 60
67 6
22 80
75 24
20 46
15 17
52 24
8 69
70 43
17 71
53 50
7 79
45 84
17 19
63 42
14 94
53 33
100 26
12 26
50 31
71 64
99 75
39 58
43 60
100 59
31 53
60 37
83 57
20 52
75 34
93 41
28 97
73 79
22 36
4 23
66 26
86 16
100 76
74 42
36 25
52 18
77 64
54 12
20 25
15 46
11 59
86 90
55 10
68 28
45 23
51 62
48 36
78 100
64 51
93 51
75 97
68 4
60 73
67 79
49 81
24 59
39 62
100 45
71 19
72 16
41 22
29 41
10 6
92 25
8 84
75 35
80 94
90 39
18 56
69 66
88 45
77 78
6 76
22 28
47 45
95 87
19 24
79 28
81 70
52 89
54 78
23 85
23 64
76 40
19 44
5 58
40 81
35 45
9 8
25 55
4 71
93 22
46 72
49 27
93 52
67 98
81 89
83 3
4 58
42 22
1 99
31 93
31 17
89 39
24 13
45 79
36 38
1 81
61 1
7 5
5 73
3 85
13 85
40 16
42 33
89 94
31 19
86 62
35 75
52 10
39 97
89 74
86 41
55 98
93 13
2 97
38 4
34 2
40 73
18 33
5 58
27 36
29 64
49 63
90 100
25 81
48 65
54 85
5 60
82 49
25 36
46 62
91 79
63 31
51 32
63 7
42 41
42 70
57 42
84 46
42 8
26 41
24 32
26 80
91 59
29 67
94 74
28 37
52 43
67 54
26 81
60 67
22 54
36 78
95 20
75 88
79 1
29 3
32 54
82 74
64 10
41 58
83 20
46 86
14 12
91 40
92 3
6 65
8 94
42 2
13 69
42 91
69 70
45 52
75 27
77 38
88 69
47 23
41 92
60 54
55 51
93 99
5 51
63 12
44 57
13 8
25 54
50 45
75 95
96 49
73 24
39 60
93 85
82 33
29 42
38 83
44 83
81 48
33 44
59 28
52 23
35 76
29 84
20 55
78 67
4 2
90 94
62 34
78 95
18 6
88 56
41 83
38 21
30 22
64 40
49 15
15 83
42 95
66 61
49 96
79 4
49 21
97 62
54 27
57 24
84 96
31 24
79 68
45 60
41 60
100 89
75 66
71 68
60 88
81 8
35 59
64 36
79 60
97 85
86 53
60 70
49 90
93 79
9 37
38 49
97 89
37 23
54 59
90 65
98 22
25 85
81 88
20 11
47 16
47 85
21 6
6 21
95 98
99 55
87 88
3 35
77 91
9 82
49 50
47 99
72 23
83 4
10 54
14 8
21 13
92 41
70 97
13 17
47 63
71 85
51 74
19 79
64 79
60 65
28 58
63 51
80 45
54 89
50 20
49 70
32 40
11 1
89 75
17 35
38 88
19 88
13 89
66 76
67 77
40 46
35 2
97 66
98 50
7 99
21 55
69 52
94 31
5 34
5 21
20 42
60 38
81 72
78 46
48 44
23 39
42 9
93 38
74 42
39 80
41 60
34 9
11 80
91 15
13 95
88 33
89 47
22 69
71 100
15 18
95 89
8 36
97 100
25 70
42 64
50 34
23 35
42 85
14 32
52 79
78 91
63 66
37 84
35 7
35 1
76 82
89 36
69 37
87 94
6 28
57 7
13 31
42 6
67 7
37 70
85 67
60 99
84 49
35 18
7 69
70 35
2 10
70 71
46 56
16 4
36 24
62 48
54 3
54 72
62 42
42 98
8 1
97 92
1 31
61 8
51 83
42 5
92 11
75 90
18 90
93 53
13 54
53 18
9 6
41 70
99 82
67 59
35 15
2 35
45 62
94 48
96 35
52 88
97 26
29 15
67 73
19 31
26 71
100 86
28 40
7 27
22 74
85 8
40 38
94 85
99 88
84 47
74 35
86 71
12 14
37 30
86 55
60 63
78 59
49 5
98 55
83 71
80 19
30 72
56 76
8 7
63 91
53 88
77 38
58 88
3 46
17 40
53 28
2 30
38 2
86 87
9 69
10 40
39 39
11 95
14 18
53 28
8 57
16 84
94 25
23 48
23 91
87 75
70 40
4 7
42 41
94 50
61 55
89 100
45 52
46 11
69 98
38 29
54 5
64 99
82 39
98 4
29 84
78 99
23 33
57 16
73 2
65 86
56 6
85 1
57 82
11 77
79 100
57 84
57 21
34 38
59 31
93 39
66 22
37 88
6 94
4 30
95 20
15 3
77 99
3 85
80 65
14 10
64 70
45 72
42 78
61 100
8 53
91 73
26 27
13 31
72 68
13 19
39 27
73 68
78 75
52 9
91 65
19 54
35 15
78 76
93 38
28 52
43 18
77 68
96 41
51 20
60 63
90 98
41 62
65 18
88 69
27 78
85 97
83 71
11 60
99 55
98 26
7 40
95 35
59 42
75 9
13 34
23 2
83 16
15 100
33 2
68 11
79 52
59 14
23 22
73 73
76 22
98 34
13 44
68 72
37 94
32 50
27 7
51 10
22 66
61 6
67 28
17 98
31 27
63 5
48 87
77 76
9 26
9 21
69 29
44 6
22 28
55 1
34 57
62 55
22 22
60 41
1 28
90 31
55 52
36 54
38 64
29 98
90 90
19 10
18 14
67 91
41 21
91 74
30 4
80 3
25 92
43 77
71 84
8 77
35 95
31 25
58 59
22 99
48 92
9 17
6 75
60 98
48 2
24 77
6 3
79 82
46 74
59 69
57 66
45 44
12 75
68 21
86 89
20 85
33 28
2 38
54 61
35 53
62 10
81 19
13 12
1 10
85 11
78 93
76 23
36 39
49 55
59 34
96 78
71 28
57 72
17 63
84 3
15 97
13 96
68 77
7 68
86 43
78 16
87 5
90 23
95 90
29 53
76 24
83 46
3 39
17 19
53 52
74 68
100 86
15 67
14 73
86 51
15 15
66 1
71 7
75 65
97 56
18 72
79 100
17 34
90 85
4 95
88 77
62 87
14 76
6 27
48 43
30 14
58 95
66 28
54 41
93 2
96 62
73 26
13 41
11 54
77 15
48 64
43 9
2 57
36 59
35 35
2 64
100 59
11 66
38 64
58 30
65 5
43 89
30 55
29 41
9 57
7 56
20 49
17 73
5 4
32 40
39 33
55 90
43 65
55 80
80 64
62 44
68 4
84 98
59 64
90 19
20 96
26 39
44 42
64 1
46 95
92 36
27 46
77 69
63 32
48 42
95 61
38 63
65 21
12 75
85 53
45 56
48 70
47 43
64 10
43 9
4 86
96 82
32 72
50 94
55 49
35 2
10 24
16 26
45 79
52 81
31 96
36 30
65 34
72 28
43 67
88 46
52 35
27 83
59 28
28 13
29 15
66 90
38 81
67 82
59 18
14 41
13 2
70 29
35 42
9 78
60 96
75 11
83 54
46 41
81 25
5 61
39 23
50 77
3 68
10 14
85 76
54 97
77 24
78 63
17 86
40 76
81 67
38 15
20 35
55 52
60 12
13 50
34 14
26 88
82 88
53 18
15 7
67 91
82 44
5 50
29 45
77 61
63 66
76 82
1 82
33 60
45 97
9 78
63 87
18 96
26 70
13 40
28 79
82 9
22 86
10 2
82 86
63 44
52 90
25 4
23 10
15 68
58 75
97 20
61 14
15 38
84 28
29 11
58 10
72 32
96 81
33 29
19 47
73 22
88 49
25 11
58 39
78 16
13 26
87 26
40 2
15 75
81 44
37 90
53 8
21 100
41 54
29 59
52 53
32 40
1 56
50 11
46 79
78 10
4 64
35 95
17 2
69 97
45 6
87 49
65 7
49 5
12 29
15 64
81 46
55 33
53 56
43 98
34 20
8 89
36 94
84 52
95 4
49 91
9 87
40 26
45 40
30 9
68 97
24 100
94 78
32 99
33 27
48 18
98 7
58 33
1 41
85 47
97 85
38 57
71 77
82 67
16 64
75 35
12 98
34 5
27 17
55 11
95 3
28 93
9 86
25 61
78 9
8 74
45 97
83 15
25 64
34 92
27 8
26 38
58 11
95 84
79 49
95 74
3 74
66 12
11 90
72 41
51 31
66 95
79 48
62 3
12 47
94 90
54 71
28 63
81 74
99 12
22 93
85 77
18 50
88 29
91 11
21 93
42 86
40 72
34 53
75 45
99 20
34 4
91 13
67 23
86 65
34 60
9 18
36 78
19 75
58 62
85 78
6 78
64 45
50 97
49 76
41 47
95 26
51 85
91 69
60 76
85 93
87 45
63 74
22 33
48 80
46 85
57 52
14 20
48 63
68 97
90 60
43 85
86 45
69 76
65 80
3 49
73 42
93 87
15 67
19 15
46 65
51 54
68 64
26 15
79 93
11 68
53 6
52 38
2 73
65 67
52 19
67 76
12 12
62 79
78 33
45 75
49 95
28 16
58 53
30 88
46 93
56 50
98 7
39 99
31 3
17 35
73 36
10 85
47 24
15 76
56 59
50 4
53 29
71 62
82 52
50 79
44 5
28 93
63 18
44 94
72 60
28 44
95 89
80 93
12 94
68 67
52 69
22 56
98 44
18 31
96 67
61 91
23 40
84 85
57 27
30 28
38 9
23 85
50 3
29 61
48 49
80 52
17 53
7 66
97 76
48 44
94 60
34 16
99 69
53 7
47 34
86 85
43 9
21 92
63 1
4 62
49 83
65 18
36 24
35 32
99 83
75 93
94 60
60 93
29 12
51 75
46 37
11 40
97 83
83 11
84 86
72 84
69 37
1 56
60 36
39 58
70 13
2 63
24 14
7 52
25 58
79 22
46 89
13 42
72 95
52 7
81 75
90 1
11 91
56 22
78 94
32 47
58 33
61 81
46 68
85 23
77 63
96 22
51 9
15 74
3 18
80 83
92 70
35 55
60 90
76 89
83 7
35 92
92 95
25 89
14 9
63 90
71 59
63 73
67 77
47 21
46 78
56 90
47 90
44 58
80 71
46 14
30 32
58 21
79 82
9 92
90 72
34 12
82 96
84 48
25 82
68 70
60 75
59 58
65 54
68 96
25 13
61 54
97 18
26 75
99 86
18 88
57 51
99 90
47 35
37 71
68 57
92 79
31 3
37 47
56 4
42 32
68 3
37 16
72 14
90 71
100 60
10 8
10 61
98 8
47 86
30 14
42 22
93 25
24 29
23 31
84 17
15 3
71 3
19 42
17 60
12 16
19 74
23 81
34 72
88 80
58 18
93 51
39 37
27 14
17 50
96 100
66 10
55 36
13 73
29 29
84 93
96 55
66 70
35 99
42 74
30 99
91 74
49 81
11 28
46 27
77 42
79 94
51 33
81 15
57 9
43 92
1 38
46 66
60 32
16 1
6 97
99 96
71 99
29 33
26 74
11 54
15 89
47 18
21 79
32 29
88 27
21 88
16 66
6 75
50 73
75 55
70 25
2 92
24 30
24 1
56 34
55 70
75 53
39 95
32 71
76 71
97 96
58 12
13 15
87 62
88 13
68 9
38 70
100 61
99 75
13 6
60 19
28 34
72 66
81 55
88 56
25 84
3 34
48 67
49 86
81 88
98 48
96 35
17 47
47 68
21 60
73 32
78 100
66 1
18 46
55 5
1 79
89 55
13 88
21 13
73 1
100 22
49 47
57 17
45 55
36 17
66 9
48 44
60 13
96 77
58 51
82 10
81 22
64 45
9 37
57 33
37 8
54 37
6 62
54 50
17 41
66 34
49 66
77 61
78 25
37 88
75 70
97 7
91 13
52 99
49 60
83 85
68 89
74 25
50 79
75 18
19 92
52 20
57 80
80 87
4 16
74 30
86 22
89 28
34 40
79 82
51 61
19 18
49 92
43 51
22 69
68 40
12 71
59 69
3 90
7 58
58 80
88 43
1 76
22 35
67 100
68 17
61 86
87 61
29 81
63 2
1 83
42 12
53 52
32 55
42 38
13 99
17 52
93 70
79 14
56 97
66 23
13 78
61 51
90 41
31 53
43 31
35 36
95 87
39 26
94 32
64 58
30 32
61 74
53 39
40 60
87 5
83 99
34 95
2 23
87 32
75 81
15 9
68 9
48 7
86 41
38 1
50 20
85 10
93 37
100 84
97 86
40 31
36 73
77 37
96 15
21 70
96 87
79 63
47 26
21 32
18 59
85 67
30 69
28 22
57 79
58 53
16 97
35 51
70 63
40 65
78 12
34 25
50 64
39 96
41 60
79 58
70 63
76 99
83 55
72 40
33 29
44 48
26 31
51 47
93 42
11 70
53 96
46 54
60 85
49 100
96 79
10 65
94 85
15 28
40 86
67 24
67 63
72 44
93 74
90 85
15 100
7 19
47 4
72 58
88 72
58 83
50 19
99 95
55 13
23 46
51 41
70 69
3 93
12 95
66 53
32 80
4 90
98 50
93 69
8 33
40 17
15 41
87 66
36 41
30 10
87 80
50 8
100 53
100 63
99 17
15 82
48 18
71 45
20 16
65 27
48 56
95 14
48 81
79 35
21 9
44 59
40 94
18 92
98 17
54 48
85 69
30 32
38 52
76 9
67 92
87 66
99 81
32 47
13 62
33 86
22 77
44 62
22 62
5 71
30 58
18 15
78 47
46 68
99 74
76 17
17 63
35 16
95 66
14 60
79 98
45 1
74 40
14 47
53 18
17 83
75 35
49 53
33 46
72 83
19 47
100 88
61 86
55 8
3 20
67 81
17 11
81 43
50 94
89 55
11 58
37 38
44 37
42 76
82 13
59 53
11 10
40 24
95 46
31 49
65 97
29 81
59 62
23 60
7 64
14 70
21 2
7 64
38 100
39 72
12 49
76 74
58 67
97 4
12 79
52 76
27 33
56 85
94 79
97 52
42 10
21 14
64 79
77 1
78 67
24 41
16 99
67 25
65 63
29 28
42 80
3 68
64 59
5 57
89 1
9 82
62 81
47 25
60 23
78 89
41 1
82 8
52 48
85 68
10 13
96 3
44 98
23 8
8 27
16 48
79 76
29 40
9 75
65 68
49 42
8 42
94 89
1 97
36 85
65 98
49 12
100 93
61 74
52 69
52 19
68 30
47 97
22 55
23 38
74 24
31 81
17 76
70 17
73 57
2 37
54 2
48 6
46 60
79 97
28 83
68 96
64 14
44 37
68 18
74 41
93 56
73 9
32 42
78 4
99 31
92 4
32 91
9 78
50 40
26 30
74 93
77 37
58 20
74 77
89 99
17 34
55 90
42 86
83 19
89 33
49 80
37 81
70 97
10 19
88 35
100 61
80 76
50 37
47 75
14 36
73 82
69 79
23 62
64 6
81 4
90 81
83 26
13 4
75 22
75 14
9 74
27 88
50 28
76 96
2 89
83 26
23 3
5 45
65 68
2 97
72 92
77 6
69 42
62 43
63 36
9 23
61 35
10 62
62 86
10 15
26 44
40 48
47 44
45 11
12 46
59 35
37 87
92 6
28 53
100 43
40 8
65 53
94 27
14 7
64 23
21 41
67 61
41 65
4 85
27 67
30 85
53 67
23 45
24 51
97 23
45 89
83 61
41 76
39 54
35 2
29 55
43 47
67 83
63 23
67 89
41 48
73 94
66 95
38 89
97 86
64 93
74 46
54 66
73 92
20 7
46 100
14 88
98 32
22 60
54 40
48 95
87 72
40 5
18 29
93 67
14 56
59 40
53 64
5 78
56 76
36 53
27 49
40 76
33 13
35 86
52 34
32 90
57 71
94 27
99 39
93 65
46 3
56 99
67 12
76 74
88 63
26 66
64 17
42 96
81 28
81 32
14 13
73 70
35 67
48 34
57 40
98 2
95 53
52 13
64 79
86 3
42 63
21 5
31 14
100 11
93 80
94 6
44 66
28 79
84 75
64 40
67 61
94 61
65 45
73 80
24 10
83 65
24 55
69 54
68 68
64 12
99 9
70 95
74 97
73 10
23 36
49 41
48 42
1 64
39 25
43 62
86 77
26 9
31 46
14 50
65 29
14 63
37 83
9 11
79 81
20 53
68 20
94 67
14 46
30 52
71 25
65 8
1 42
17 84
87 30
85 51
59 98
65 95
80 74
57 10
6 28
63 26
100 56
92 65
1 74
68 23
98 32
31 50
73 99
33 59
80 70
61 38
67 25
85 99
98 93
8 4
73 70
29 72
77 72
88 30
97 55
4 94
86 34
96 10
32 28
20 12
49 80
1 16
4 37
14 2
82 73
57 54
95 37
77 71
8 64
52 5
18 56
50 55
41 45
64 25
25 83
36 73
62 88
40 17
77 5
70 58
78 26
63 72
62 39
94 22
2 46
78 71
1 27
25 93
24 40
17 100
22 4
72 35
92 64
51 20
68 21
77 45
98 91
16 12
29 10
33 82
7 62
52 59
88 28
51 63
67 68
62 40
71 86
26 14
49 76
33 16
48 61
61 46
51 28
57 79
89 41
12 95
2 15
5 41
42 56
4 60
75 17
51 45
2 76
11 50
4 43
18 51
4 30
48 6
57 4
37 98
96 48
92 97
63 49
38 56
56 93
68 30
9 70
26 63
46 36
64 1
79 81
3 34
10 51
39 19
6 75
16 2
75 59
50 89
7 87
96 62
31 15
43 40
85 69
54 82
4 17
34 34
98 36
19 59
86 10
77 44
84 92
97 10
51 46
50 57
85 46
71 15
60 13
6 96
33 59
29 37
28 62
22 25
98 41
83 35
50 12
78 85
3 74
47 5
72 96
14 56
41 84
22 53
48 28
100 81
38 29
69 65
90 42
41 39
34 76
74 83
87 51
20 41
77 66
46 48
13 59
55 54
94 76
58 41
55 57
73 45
37 93
61 27
35 54
65 68
29 90
3 67
93 22
7 69
39 4
68 51
62 74
56 7
49 65
48 56
74 72
52 10
65 12
88 51
65 5
70 45
94 72
11 86
45 70
6 35
73 25
38 87
98 93
93 99
10 92
54 83
64 57
92 80
68 80
82 85
84 51
29 29
75 40
15 19
61 72
6 33
97 43
19 46
35 12
44 44
55 49
78 70
5 70
1 25
1 82
9 36
85 37
64 59
28 30
29 88
2 34
21 50
76 91
95 63
54 91
58 9
39 36
78 96
57 79
20 57
12 28
92 96
16 7
6 44
37 35
31 90
68 3
39 96
46 85
58 99
27 67
59 18
54 37
13 10
67 84
18 30
63 9
26 78
16 31
21 4
17 4
93 37
58 83
32 3
19 41
2 46
7 60
63 13
48 27
22 66
10 40
48 72
100 73
49 67
55 22
70 24
77 14
60 34
96 91
37 15
83 90
12 89
1 74
1 1
100 75
66 61
14 13
32 65
37 32
32 44
53 1
19 29
67 78
15 62
68 51
28 2
92 39
90 92
12 43
92 63
69 10
23 34
74 6
98 11
38 29
6 42
82 24
23 48
53 89
61 72
39 89
73 82
27 62
73 91
56 65
5 24
26 80
57 99
85 7
61 74
35 18
68 68
41 42
67 93
30 28
16 20
68 88
1 94
2 73
36 57
89 41
33 14
72 41
13 56
47 25
82 34
43 49
1 35
42 20
80 71
47 95
90 14
83 90
59 84
14 47
40 3
39 24
68 10
65 32
65 63
57 98
96 99
98 49
33 39
68 64
9 66
59 98
31 41
39 89
24 53
87 15
55 25
39 22
34 55
6 51
17 62
48 65
12 46
13 96
84 32
60 45
97 18
42 27
58 81
67 33
33 54
47 39
78 37
12 12
43 17
62 12
30 61
76 41
58 40
89 42
71 48
86 67
17 79
93 26
11 59
58 95
12 56
33 42
45 97
5 87
13 18
50 95
78 25
87 36
64 75
29 34
74 66
52 90
44 44
67 7
55 24
1 18
32 86
59 28
82 63
66 46
80 16
40 10
40 27
45 56
1 25
41 27
90 93
16 33
88 83
39 94
58 92
12 41
77 22
68 58
37 34
3 16
49 95
77 40
21 73
47 73
97 40
99 86
84 67
71 71
1 61
17 58
52 28
51 28
1 18
37 37
51 40
5 51
34 81
91 6
54 89
78 50
28 29
88 11
95 58
34 95
18 50
4 70
29 54
49 29
24 86
18 74
77 22
77 10
54 19
67 7
7 96
9 35
24 96
97 70
5 30
64 22
79 20
43 59
25 92
40 48
29 57
74 5
78 50
66 31
20 32
90 26
27 98
12 3
45 61
72 49
90 88
22 21
7 65
79 83
8 18
31 88
26 56
92 3
57 9
86 76
40 27
53 18
76 65
20 20
25 44
20 66
31 41
86 89
57 17
71 64
86 53
51 64
8 94
18 64
2 3
91 93
29 44
11 56
8 82
75 84
25 94
1 7
35 39
95 91
7 18
7 92
70 9
7 30
55 25
45 56
27 36
1 8
79 63
63 38
44 90
73 21
35 73
27 21
11 74
64 69
91 70
61 12
30 19
93 84
43 38
92 22
25 92
81 55
54 95
44 49
84 16
69 19
40 48
91 3
21 54
71 11
23 83
74 5
2 67
40 44
4 31
65 28
22 97
34 27
92 77
76 27
92 96
45 83
43 88
85 63
41 56
25 16
90 99
20 91
65 59
87 20
90 3
99 63
100 32
42 43
8 69
69 51
64 66
33 7
53 70
21 93
77 46
8 66
96 27
9 60
38 95
79 79
49 77
93 100
8 34
42 67
54 11
17 18
76 49
76 28
18 48
72 94
93 80
12 88
58 20
99 47
66 77
25 66
5 70
66 12
55 59
30 9
69 46
26 96
47 53
23 16
100 47
62 45
26 73
84 83
44 83
30 61
11 6
26 16
75 43
79 30
2 9
38 22
54 15
18 52
19 92
68 70
38 81
14 15
5 98
50 48
32 79
60 42
36 37
57 63
80 36
92 33
44 81
54 49
47 23
53 17
15 20
86 4
52 100
19 56
49 68
3 80
98 14
21 33
50 30
47 29
65 38
61 60
70 67
60 68
89 12
84 55
31 70
59 82
69 77
89 69
96 91
100 93
4 20
77 6
49 24
34 65
13 47
76 83
65 36
50 53
47 34
8 30
55 18
63 75
46 52
43 41
94 42
33 50
13 9
55 14
84 88
30 97
86 6
79 50
41 80
55 39
65 62
68 19
31 31
93 76
34 87
16 27
80 100
76 93
8 82
58 44
22 87
40 7
92 70
9 84
1 63
23 66
76 90
36 6
72 81
81 5
19 48
84 99
47 11
91 6
93 48
49 14
34 40
72 78
9 80
61 10
42 83
27 69
25 62
74 96
94 6
53 13
5 36
11 51
98 53
9 90
52 9
55 85
49 27
14 57
6 75
18 100
9 44
68 33
58 94
29 51
51 33
15 56
68 25
58 17
77 18
7 28
27 61
65 75
39 30
83 97
4 53
96 13
48 15
45 5
60 25
8 11
57 22
18 76
47 75
93 75
93 51
55 71
63 71
97 2
100 31
98 56
83 45
20 31
11 16
87 71
41 46
81 49
68 98
25 66
24 69
92 68
71 98
38 33
68 34
86 20
17 35
27 99
79 46
81 90
61 20
60 53
65 92
2 84
89 78
49 12
98 93
32 68
90 69
100 10
55 86
29 71
20 55
21 51
52 54
40 12
73 51
17 89
42 18
25 82
47 73
45 44
17 76
11 7
45 10
68 51
47 96
21 19
2 93
69 53
46 60
16 70
62 32
11 3
1 35
36 47
59 80
90 76
8 52
34 4
62 1
54 60
48 26
30 1
18 98
53 16
9 20
37 70
52 47
24 52
81 59
51 92
91 40
19 98
92 52
1 5
4 6
16 51
31 46
51 100
95 55
15 4
74 52
25 77
50 49
81 83
59 31
74 49
22 92
98 65
95 50
21 50
55 37
100 37
34 2
37 28
8 3
83 33
6 8
10 56
8 42
90 66
72 15
67 45
58 64
10 52
14 82
1 20
70 52
57 3
5 93
83 64
47 65
96 53
24 57
60 31
98 1
97 69
15 63
66 72
26 27
75 91
8 27
11 78
78 67
80 34
11 14
97 9
79 44
61 2
1 72
33 98
72 81
19 38
43 84
9 20
10 35
11 17
61 73
46 90
91 78
23 53
91 71
61 21
15 22
23 15
45 7
12 69
87 82
6 81
17 67
100 26
1 62
95 14
34 92
3 24
69 78
76 60
48 37
80 62
10 54
28 6
12 92
26 50
73 84
30 90
50 30
67 2
43 13
15 77
5 18
52 73
95 80
84 94
68 16
8 29
21 35
86 33
26 12
82 51
95 64
92 96
45 10
97 87
23 64
15 27
81 19
99 27
98 35
20 17
50 27
97 70
14 82
54 91
45 36
41 39
51 84
34 95
94 83
33 16
46 48
94 78
66 44
4 15
78 75
83 27
54 79
49 67
12 2
57 57
37 50
95 39
85 81
33 78
63 66
45 8
65 38
37 82
82 40
96 59
66 30
38 19
8 86
37 19
87 46
75 76
47 22
14 31
2 99
61 16
16 5
75 80
95 11
13 76
2 60
86 67
89 23
38 48
60 74
66 47
19 93
74 65
66 39
48 19
37 8
34 4
64 60
35 58
70 47
33 71
6 19
89 94
93 26
41 53
100 59
51 70
3 24
87 68
62 34
38 51
41 71
54 56
30 89
14 51
35 46
73 93
16 61
86 9
39 79
13 90
89 63
59 43
86 45
62 47
30 99
49 22
21 3
78 50
91 91
52 77
36 24
69 4
36 7
64 26
37 76
15 25
38 74
19 23
70 80
21 100
78 70
21 98
24 98
99 66
88 2
42 76
77 11
79 12
69 94
90 5
69 4
81 6
29 99
80 99
30 52
98 7
21 70
56 96
68 6
61 7
7 3
82 83
65 12
46 33
5 35
89 73
91 69
30 19
19 9
17 48
61 66
6 33
36 13
81 3
18 41
9 76
43 43
58 59
6 55
43 11
42 31
35 32
51 65
50 21
25 19
68 37
84 25
22 19
37 2
73 54
42 34
29 37
76 38
47 81
45 90
43 86
72 78
69 75
94 18
95 70
88 63
7 72
87 80
42 24
81 15
29 74
48 10
62 75
99 9
7 43
98 50
80 21
79 48
95 24
18 90
93 5
4 51
28 42
30 70
65 62
36 46
36 35
7 97
9 5
57 67
48 54
68 79
27 46
79 21
21 96
62 14
52 65
64 80
7 46
1 23
7 36
68 94
70 26
43 30
31 99
48 30
5 16
8 31
13 86
3 34
33 65
99 85
29 62
16 87
59 68
10 18
3 29
11 24
55 53
5 37
4 52
66 8
67 25
38 32
63 40
65 95
56 63
31 85
76 98
23 87
65 32
4 19
13 14
42 19
19 46
55 22
98 20
29 16
96 18
47 58
9 63
53 65
77 35
1 53
33 23
91 49
7 94
68 71
59 9
89 77
7 43
50 56
14 78
23 61
47 22
19 56
84 23
72 61
57 72
65 41
46 7
90 4
100 9
74 58
69 62
87 75
56 36
30 21
66 53
82 12
26 52
19 9
74 90
21 30
13 37
23 11
43 64
14 94
72 88
52 40
1 90
67 9
25 96
81 90
100 14
54 77
65 24
86 38
14 58
20 78
47 42
88 89
5 2
83 28
41 86
67 41
75 85
49 51
33 82
41 84
95 46
61 60
69 46
97 34
55 16
12 1
57 51
42 13
52 24
92 92
61 11
85 87
95 85
37 27
66 29
11 61
74 71
72 43
68 68
28 22
36 39
75 44
42 16
57 93
91 48
37 51
58 73
37 5
57 25
31 75
54 41
87 27
63 58
21 30
25 49
4 60
39 30
4 80
45 12
25 35
11 13
37 21
85 25
25 41
49 7
15 2
100 1
81 62
10 1
44 35
1 99
46 40
28 1
71 24
64 95
58 27
7 46
47 43
22 23
84 22
29 50
24 28
3 56
42 12
56 37
98 57
35 96
48 14
96 70
37 12
65 46
38 23
91 36
66 64
58 1
85 38
2 8
18 56
63 59
20 71
47 69
79 81
64 78
94 12
47 30
23 63
75 12
38 17
47 55
80 4
7 64
93 8
24 10
16 38
20 87
60 66
55 38
46 71
15 91
82 14
72 56
76 46
67 13
14 13
67 93
68 73
9 60
33 32
70 100
21 41
86 81
7 92
70 4
62 37
95 43
50 18
50 77
16 68
42 29
80 60
74 47
85 82
59 17
65 28
68 37
68 53
17 26
44 87
30 6
23 76
100 24
93 2
100 8
69 41
89 1
1 62
47 85
95 5
53 11
84 20
47 4
24 16
29 67
54 10
24 76
37 76
99 30
29 98
89 97
91 29
97 91
90 96
75 36
52 79
46 88
98 45
91 21
12 71
39 65
81 15
40 17
42 90
98 70
39 39
66 29
67 15
71 9
62 97
44 13
75 42
52 24
38 42
44 49
65 35
13 97
49 4
13 42
93 63
11 83
53 28
12 19
94 34
27 55
31 23
20 5
16 71
81 53
65 76
1 29
10 65
25 10
68 89
51 12
3 13
94 55
41 57
26 34
91 52
41 21
26 60
77 41
82 57
45 98
33 97
26 94
61 2
4 80
43 6
91 97
19 85
52 11
41 77
96 83
80 36
3 6
47 32
98 81
88 43
78 72
39 56
66 52
57 21
31 51
26 22
48 96
58 51
6 50
79 2
33 58
89 87
15 88
18 65
68 58
7 45
29 97
100 46
48 9
66 31
59 92
4 58
87 61
60 45
62 38
98 46
48 86
33 14
73 2
78 40
59 36
85 40
85 36
85 32
44 51
14 3
94 17
12 32
77 72
76 91
61 73
36 8
11 20
74 35
22 51
75 32
39 11
71 23
46 8
6 42
58 20
44 3
36 7
34 65
30 10
55 91
34 42
98 96
62 23
31 35
74 57
66 12
19 89
86 16
48 91
57 57
10 100
59 46
59 92
10 88
53 16
78 39
57 28
34 70
50 16
4 75
72 22
38 90
62 23
6 9
14 62
65 23
14 23
20 24
66 81
11 71
96 41
9 5
68 94
74 69
10 30
44 33
51 33
75 64
56 80
72 21
93 88
95 58
62 15
81 27
95 44
97 43
84 57
99 3
3 72
71 12
53 66
96 55
99 70
18 54
1 41
74 94
28 68
3 89
34 36
68 81
79 16
75 62
73 73
64 27
44 86
38 97
52 85
51 2
55 21
55 55
61 80
100 89
99 3
29 85
90 96
65 68
12 39
81 36
11 96
62 6
81 51
54 84
35 57
85 41
77 91
96 89
22 47
29 73
1 58
57 90
53 21
57 16
11 89
51 73
84 12
30 17
14 84
100 49
92 37
41 20
79 36
8 1
83 37
73 35
46 29
25 98
1 81
14 63
70 16
35 5
80 64
21 93
99 73
93 42
9 34
61 39
21 21
39 55
9 63
90 54
43 14
51 95
46 16
57 67
84 43
72 63
7 44
7 57
16 52
99 76
37 11
15 57
31 5
64 39
20 53
92 62
18 95
9 63
62 65
82 45
60 5
59 18
100 66
74 16
17 24
43 5
35 9
61 65
14 24
56 85
28 99
98 97
93 6
12 55
23 93
51 82
49 10
99 48
75 24
63 43
48 58
99 82
66 59
98 31
35 53
15 14
52 13
11 96
70 22
2 92
66 53
73 14
62 23
61 88
47 76
82 94
33 80
75 50
90 24
33 76
29 47
90 80
11 52
27 81
73 29
72 90
81 97
3 94
19 63
33 65
90 14
10 74
45 36
24 86
60 56
62 88
54 3
19 65
54 45
97 78
25 20
67 5
16 21
50 87
35 82
3 25
47 13
98 91
48 73
77 59
28 90
46 34
92 16
50 97
61 46
74 85
17 92
42 33
64 91
71 98
25 73
22 71
37 72
14 85
44 42
43 24
31 41
57 22
56 6
18 68
3 43
53 19
86 46
3 49
88 73
98 12
98 20
35 34
43 48
70 86
89 13
9 19
5 17
92 60
22 61
28 76
3 32
95 40
77 49
40 16
22 37
28 71
56 14
56 50
61 26
36 1
90 96
71 94
13 62
53 86
22 80
62 76
63 8
15 39
56 6
55 29
42 34
99 50
47 55
99 59
32 34
59 21
82 81
14 94
42 66
79 15
98 92
90 60
99 56
51 55
61 57
83 2
42 82
51 40
88 50
98 19
35 8
91 16
88 4
61 81
21 40
95 70
31 84
82 30
91 84
84 51
40 18
4 33
51 55
72 38
56 21
8 42
80 98
10 19
53 70
51 26
61 45
95 92
80 76
73 70
11 8
72 2
25 75
34 76
81 57
65 36
29 25
30 8
74 39
78 27
8 28
52 69
24 98
12 55
26 36
24 36
95 47
38 71
22 23
98 54
80 63
42 60
39 71
68 12
61 97
38 68
77 41
88 100
39 51
55 64
38 30
51 32
77 88
3 50
63 52
3 42
66 44
1 4
66 20
16 26
69 5
94 45
98 33
96 88
36 2
3 73
84 53
57 60
93 11
61 55
62 15
48 28
59 100
83 24
72 50
50 40
55 95
36 4
79 83
91 66
85 93
91 20
45 47
79 89
9 91
43 22
5 42
1 15
42 84
91 65
33 92
56 39
38 43
42 16
25 32
34 61
24 24
80 21
70 10
9 30
52 4
51 9
45 52
23 38
35 65
54 19
56 9
58 93
51 99
61 28
83 94
88 6
17 20
78 38
81 87
19 33
42 69
41 38
72 15
28 6
80 81
77 35
90 34
80 92
84 40
19 66
85 59
24 53
78 1
42 10
39 60
94 80
80 86
70 52
1 97
9 80
77 85
66 66
18 97
58 54
88 76
19 72
86 42
76 15
95 17
25 33
28 18
65 60
56 34
11 56
30 19
87 6
56 4
24 73
1 33
78 88
60 97
12 46
90 39
60 84
56 36
69 35
6 33
94 61
18 56
16 47
75 54
4 30
57 79
54 9
11 84
49 71
80 12
16 21
50 27
57 57
63 25
92 68
9 37
28 26
93 95
24 19
100 27
100 8
58 5
69 68
88 17
38 19
28 5
40 77
32 96
34 46
20 77
13 80
65 92
5 57
38 28
27 89
6 26
96 63
83 64
31 70
32 20
89 59
77 80
88 60
27 73
5 98
49 69
77 13
12 81
22 1
60 48
89 65
26 36
80 8
100 62
29 31
81 69
42 9
48 81
68 26
53 72
23 53
40 99
65 3
31 38
3 90
38 91
7 63
27 86
22 78
47 50
60 79
71 53
88 70
33 55
96 85
27 18
37 18
69 54
73 99
43 75
41 80
18 47
94 96
32 15
25 30
17 84
8 39
37 95
8 21
50 3
58 28
73 94
97 41
99 21
91 42
96 31
73 65
29 67
60 12
33 84
41 1
19 49
39 7
43 47
28 44
1 85
23 73
30 72
65 81
92 8
74 39
90 46
3 19
12 14
30 97
49 71
97 68
71 36
26 65
34 5
61 34
41 83
59 23
6 23
3 50
82 76
88 72
21 43
42 85
56 23
33 57
45 29
76 15
16 1
80 1
58 40
35 98
74 93
20 32
67 74
81 1
49 20
72 22
62 65
58 70
87 90
26 32
70 53
98 38
53 29
38 62
68 72
60 94
16 31
25 35
5 57
35 5
76 58
78 90
74 87
59 12
28 36
95 98
40 93
35 44
21 24
6 41
96 65
86 63
47 10
49 3
66 35
60 93
92 37
82 17
76 92
29 3
79 23
52 18
67 38
62 88
62 67
80 9
83 65
71 29
26 20
84 43
6 43
35 50
31 17
66 6
60 94
61 39
69 12
56 35
50 17
74 11
83 53
19 17
69 41
46 94
12 81
36 18
23 23
67 5
91 32
63 50
78 23
88 46
86 44
32 87
12 6
49 47
10 67
63 31
60 60
24 71
40 12
40 14
86 6
19 76
90 33
25 19
7 65
16 92
60 47
31 71
4 79
17 66
98 32
96 57
91 71
79 31
82 19
96 67
76 66
94 17
98 19
35 4
35 50
48 94
49 30
16 52
8 33
69 5
16 64
13 6
35 44
88 68
62 84
87 89
49 80
6 99
50 40
54 84
42 53
77 90
82 93
93 90
77 62
46 92
25 11
49 11
54 37
31 15
20 17
55 20
48 60
70 98
52 24
81 45
76 10
34 10
54 78
51 82
39 96
25 16
6 73
78 59
9 8
25 80
24 32
52 72
43 21
21 46
44 53
90 72
14 75
81 67
53 31
48 43
78 24
58 36
97 36
46 5
43 23
37 19
54 88
42 96
60 14
94 4
66 83
27 80
58 59
98 10
41 98
52 70
21 62
5 17
49 3
74 43
25 10
61 30
49 54
77 8
67 70
63 33
53 89
64 10
99 61
71 91
10 74
61 31
35 65
99 83
19 72
78 43
33 38
72 81
44 1
89 10
70 51
94 74
92 9
35 42
22 5
33 31
31 93
13 17
9 12
52 28
35 29
22 68
18 46
48 61
46 88
23 67
39 68
41 82
77 75
75 50
32 7
80 62
51 45
30 12
56 81
91 90
9 12
9 27
57 57
39 54
44 61
21 34
29 13
67 57
87 42
6 70
100 37
83 3
81 13
14 88
93 56
30 2
67 38
80 76
94 18
81 90
79 1
23 59
65 90
15 52
83 72
21 34
8 4
36 41
16 1
28 60
56 57
61 75
95 92
50 40
10 82
29 40
35 4
50 99
45 64
50 27
87 23
60 94
78 48
34 45
48 14
4 4
70 17
30 16
8 79
8 69
12 88
60 46
91 9
45 35
24 94
13 10
68 73
56 97
20 89
41 19
54 97
22 76
65 51
43 24
81 50
93 93
38 4
38 80
13 34
67 36
80 79
46 47
51 53
44 22
41 36
41 47
32 14
22 96
17 64
20 49
14 64
93 3
67 83
34 79
16 100
67 95
79 64
94 81
16 37
3 8
24 95
54 8
60 75
3 28
39 74
77 4
89 21
58 56
3 91
86 71
91 4
17 69
67 10
49 34
98 3
42 22
49 47
29 9
22 83
36 12
9 64
67 97
37 24
4 91
14 42
61 56
45 78
24 64
39 25
49 37
79 90
10 28
37 90
88 10
72 75
21 80
39 87
29 27
62 84
17 75
25 30
83 22
59 6
37 97
82 85
85 61
75 94
40 63
83 27
72 7
1 44
86 91
82 66
17 43
50 34
69 74
15 3
47 73
9 83
69 42
68 54
54 94
47 93
8 82
19 31
88 72
26 25
62 7
91 31
1 92
16 21
17 30
24 64
2 84
98 70
77 17
75 31
10 74
23 69
55 94
99 94
65 24
18 26
82 60
56 34
51 23
55 68
52 30
83 53
65 80
75 41
97 49
71 58
74 94
27 28
39 25
73 3
1 91
80 82
50 88
16 53
10 22
20 62
3 54
66 67
33 40
7 29
41 78
87 14
23 65
94 61
89 66
15 41
56 94
23 58
33 90
62 43
63 33
56 65
86 21
31 18
13 37
99 53
66 37
18 88
1 11
100 41
77 14
82 84
60 56
93 44
45 54
38 59
86 93
23 71
66 53
41 30
41 39
34 7
27 51
94 27
14 46
67 42
11 48
77 22
3 70
66 99
75 3
57 13
48 31
35 13
83 75
94 76
