500
30 89
4 46
64 57
39 18
14 61
77 89
43 8
57 56
3 22
53 59
22 56
21 17
62 75
69 48
73 10
10 54
51 65
51 14
21 90
83 86
2 59
74 96
19 82
51 21
4 55
31 25
10 51
94 24
26 14
71 50
24 32
3 26
96 53
91 68
94 74
53 47
84 79
94 2
60 45
22 15
99 53
92 61
3 85
84 80
50 54
29 73
37 83
50 32
88 93
99 33
66 3
80 49
33 25
51 93
69 24
59 20
28 50
32 83
86 15
62 36
20 43
60 56
77 62
39 64
54 89
97 19
91 28
19 24
52 21
68 73
45 26
44 72
28 75
6 65
41 68
100 60
62 12
67 38
73 5
54 26
93 2
96 35
81 14
10 84
35 77
56 31
55 51
54 34
77 60
98 17
79 50
76 92
61 94
29 33
98 34
58 42
35 53
29 15
18 38
99 4
67 6
34 73
9 88
6 85
99 55
2 77
4 29
68 64
23 48
96 72
82 5
66 68
9 94
35 27
83 33
30 49
90 16
73 98
3 30
83 53
85 36
81 40
64 100
4 38
47 51
10 80
8 27
100 16
20 34
94 54
66 76
3 7
91 27
57 45
57 39
97 41
26 77
32 89
28 35
79 74
38 40
6 45
66 5
12 37
38 6
90 55
33 44
13 23
71 69
19 27
59 15
19 84
43 50
25 70
37 3
95 26
42 52
70 59
8 33
95 97
90 84
51 22
28 16
96 50
84 14
76 95
80 46
30 22
95 54
43 83
8 90
8 1
41 77
59 49
62 5
45 51
89 48
73 68
15 20
17 98
34 44
44 13
89 74
87 83
79 81
18 87
70 25
39 63
54 98
63 15
54 59
65 94
6 89
61 20
9 29
70 94
72 65
6 12
38 92
47 17
25 64
3 94
88 93
56 41
42 18
55 96
29 72
89 34
12 2
6 72
30 27
65 54
91 23
65 81
66 11
97 90
26 51
36 14
43 91
54 85
61 61
80 89
84 20
74 47
21 31
19 51
9 35
56 52
9 72
32 27
83 80
16 60
30 51
73 24
94 79
60 6
91 39
46 74
59 71
72 31
54 42
81 62
29 88
13 37
60 96
63 94
75 31
53 56
33 26
80 26
56 39
83 46
30 28
71 40
99 42
70 52
84 3
65 64
90 30
100 49
77 15
42 52
45 95
59 29
72 90
55 27
81 89
24 62
17 94
1 67
87 22
70 70
76 34
85 66
15 85
66 92
51 60
95 47
6 5
75 77
95 81
55 27
70 78
88 86
23 40
4 9
61 73
31 89
58 15
54 25
99 71
16 1
30 62
47 35
66 22
63 60
2 69
38 23
46 25
8 68
64 63
29 77
87 59
65 97
73 70
21 72
40 88
24 22
49 71
8 14
44 23
26 45
91 63
68 89
40 27
8 3
42 36
31 28
94 95
24 67
16 44
90 8
31 13
81 31
35 88
45 78
10 22
75 53
36 94
93 75
20 52
30 13
88 60
41 33
7 64
51 22
60 92
81 42
57 61
73 91
1 69
69 10
42 43
14 77
88 58
4 59
10 33
72 49
44 12
81 50
27 84
24 86
75 4
80 31
17 52
74 17
72 94
78 13
88 44
41 75
1 44
33 10
76 4
58 20
15 91
21 94
74 44
31 100
100 10
83 68
61 8
84 84
1 61
96 88
4 37
14 57
32 46
66 60
2 76
31 68
18 51
61 91
47 92
42 98
1 76
65 14
83 100
97 83
12 45
22 68
33 35
24 64
33 41
75 34
16 5
1 33
8 62
75 6
5 69
55 57
44 71
70 27
70 19
61 33
15 35
100 99
21 23
14 53
16 89
86 83
45 39
16 52
52 42
9 56
10 63
12 6
33 34
84 54
4 96
87 18
30 86
16 51
61 29
55 76
69 93
58 14
31 25
65 82
19 74
37 80
88 100
85 21
33 20
74 88
16 60
5 97
98 72
99 58
53 54
85 21
46 94
34 28
71 51
9 89
24 97
68 11
96 5
83 81
76 57
68 91
68 25
40 65
96 90
74 100
43 10
21 40
4 54
67 74
4 27
14 79
75 81
42 71
37 24
3 13
32 22
55 52
98 94
68 46
36 94
45 78
3 65
70 6
19 88
31 74
67 44
53 41
77 46
63 13
69 17
77 53
39 32
56 36
77 23
33 12
16 78
42 19
42 63
76 12
2 59
86 68
54 90
9 30
35 23
95 55
40 71
7 30
54 14
17 31
37 50
94 4
